45.47158883740372
42.21497490229094
40.397321334882925
38.781584525980044
36.93109340056682
36.034964336711354
35.26525731777101
32.83411033618326
32.35324421800768
31.1941786244287
29.631652807510598
29.55695424329691
28.42898061442507
27.900406809573045
27.314255446081628
26.87008310378621
26.506087491570636
25.841813399205666
25.5366227078307
25.49059460550431
25.171828248253764
24.43838271769254
24.1118722014019
23.71934231927696
23.310707476908913
23.21704817627809
22.769005552738147
22.2087133321386
22.013605227001904
21.93838471036732
21.49205817843638
21.36100896069116
21.118489120063202
20.984243815106968
20.766706198352157
20.694857675703872
20.573345219236028
20.282033785948638
20.182820442552117
20.022285500006408
19.80741647397831
19.538982398893786
19.451229983912167
19.326261921395098
19.226328660966924
18.956083543929388
18.923208274912867
18.687563548506443
18.654498602267154
18.47512335585449
18.372984913853024
18.28670251641782
18.203410729961103
18.127833595007345
17.96949753042153
17.87861032263688
17.705042982283064
17.668736949547792
17.456548073123056
17.442769172858714
17.337655001417787
17.121111307449507
17.004994066684436
16.774380983600334
16.677158528067444
16.630837385412374
16.620473688420763
16.545337392347598
16.46580415587331
16.455285526965106
16.360141212473327
16.29230789033824
16.225697708220622
16.005148442724316
15.98350377497609
15.892228289764416
15.761524897864595
15.721841430486391
15.698164088512474
15.596844898083805
15.468779702897923
15.352566193915267
15.321085763252096
15.269322078174389
15.188528685361637
15.101324494290845
15.047681550515229
15.03008501136977
14.923952954282116
14.919266049615596
14.872083137694805
14.783743051162704
14.70859787912828
14.69124126224683
14.62574066540264
14.541852270697762
14.49819223297419
14.406257506909594
14.36219672748669
14.314230746905933
14.219675735422085
14.187566260628033
14.11559459082439
14.085027248491658
14.015574037673542
13.989925817250006
13.928033353679254
13.89192952567674
13.840571738110093
13.81871527926681
13.736674069537726
13.697151795321831
13.677883604267883
13.599623707689199
13.555512698675242
13.545052945547818
13.527320657742695
13.446517138364776
13.413017000172902
13.40118115077992
13.348114783771436
13.331672200691779
13.289138960103381
13.24147433936005
13.206398262651895
13.19243831557121
13.097951990452549
13.08272982361164
13.03638612585818
12.976952087747874
12.946134979233646
12.910496206626734
12.88226268252877
12.846155368691239
12.812755691248586
12.781852963245168
12.734259980604696
12.714562932488958
12.654820817125774
12.629567347124661
12.616991263587742
12.597087157068142
12.56243151008407
12.523118347287335
12.512286129494585
12.48215021242621
12.45907534719924
12.389172365478608
12.38470654903036
12.349829806011801
12.321199385603752
12.28690111600751
12.285754719214038
12.223673230919228
12.200924847546089
12.178715100023739
12.108442285144141
12.101502140483188
12.08884376909198
12.043351239123657
12.037657555411883
12.025477970944321
12.009762941718876
11.941426684656893
11.929062020533758
11.909375092235768
11.879587509974467
11.822251264803901
11.810136498831428
11.783788632818947
11.74540702622045
11.716745392503713
11.679388221316009
11.61784334844923
11.576156630727198
11.548887265985433
11.533881966673325
11.505614968616621
11.495093325750709
11.470868769288899
11.43102375347197
11.42321058524843
11.369560472442117
11.341588268454526
11.296005047018376
11.263991471919828
11.244950420033991
11.200288528884336
11.18733933027382
11.146040510973947
11.125799951751683
11.065772590516744
11.045090425579748
11.006005935710993
10.983108665091526
10.960206079781434
10.944857355159495
10.896567504421085
10.875836176811958
10.86256726910424
10.759656137440945
10.74375731092552
10.724751746322744
10.708747733201712
10.658695034609705
10.641807275265457
10.592888048535047
10.57069659859493
10.529367038798107
10.492905251661169
10.48469839965499
10.450409523619046
10.445952178061145
10.42190097932879
10.411827640174623
10.377736983306773
10.359458729059833
10.313387049143554
10.284764982300015
10.273328256162433
10.268231258530323
10.243777777674191
10.217197060607026
10.209780156670051
10.184156454253126
10.17872472533105
10.166067964071814
10.130245962741887
10.123131301925458
10.106781572941506
10.08906568151058
10.04572267822229
10.042502966318335
10.035970215624
9.998609941445348
9.971139598152488
9.91983913701237
9.913915428549585
9.863889856066292
9.84579440796703
9.838796798558164
9.819995087418725
9.794767843670712
9.786833867207966
9.75834802806608
9.745326781027686
9.724508365953385
9.71481747881259
9.706601089032842
9.698938073527943
9.671302200395402
9.665656059250642
9.662127071075691
9.642139507157449
9.601932808586756
9.571838755245448
9.560067022011726
9.533399151467293
9.503769937453002
9.491436087267102
9.44894047177934
9.443068936365465
9.420570742584427
9.409230397866935
9.392021920190984
9.376272696798283
9.370649868325335
9.365976369232522
9.331164147948622
9.315717636150797
9.27528848579759
9.263153342166264
9.25844985557603
9.2192526908205
9.19731148925197
9.161854542369781
9.160615745373416
9.143204393509228
9.127110110632456
9.116358551428126
9.108850206151764
9.099854943621997
9.072769007941577
9.057438627491758
9.04650803993355
9.018991767851656
9.00129911671427
8.996439506711884
8.975258251598447
8.95430766070508
8.945322415242112
8.934550071950028
8.915756325809364
8.902258677668298
8.891906444280371
8.854375663716551
8.84054243121703
8.825811176781219
8.804451554507427
8.78748472303708
8.783608845692447
8.765110768346748
8.736128039272767
8.709098953118588
8.699901816215668
8.688886379279719
8.666128876391175
8.664138269704917
8.635497895983734
8.606008390738554
8.595681457455024
8.588502170405793
8.58062421988361
8.561397335386614
8.546372130927656
8.525141823190966
8.51321071758318
8.505927108294433
8.47181796252456
8.454282712313319
8.440544011236042
8.420660784395801
8.400485769953246
8.393831356317632
8.386148775149943
8.356829282031757
8.34320741894843
8.340477789172638
8.32619937552421
8.312352244996633
8.290988330080223
8.28588294286772
8.278191638698228
8.252238026036762
8.239558934468471
8.223465056635384
8.202945920398363
8.190299500487082
8.173445534932377
8.159155927889607
8.1340163535849
8.122191896432724
8.105419609792259
8.097661516189124
8.089516682025
8.065066115373126
8.039546440492476
8.035090858667129
8.021896832085348
8.01586335734406
7.992069049844615
7.985283804201592
7.9705201041500455
7.9408587043205126
7.923737523403467
7.912700908521545
7.90380060997832
7.890483908205391
7.8657250408137145
7.835147258964175
7.827612268969298
7.8223237230492515
7.814337021547684
7.773995431420783
7.756673037273512
7.743793482413831
7.712907169151859
7.699100757955239
7.696548516670872
7.68824005430082
7.664873814695742
7.649581385994093
7.635677771912241
7.622032320576263
7.611152612213306
7.596475338772999
7.59100850404186
7.569789787868822
7.565604662735652
7.5545905243378755
7.531482962176662
7.5256729657107675
7.503795572898547
7.496904065123706
7.490653728622107
7.482762215666293
7.4709045479766525
7.459934468454502
7.441704717814215
7.425780834700009
7.403344548040857
7.394715618476688
7.388109799113324
7.37354239134272
7.360049818778803
7.34212511577346
7.333440501314719
7.327605435672209
7.314959042329526
7.308241873690668
7.286297721333715
7.27703681259609
7.268324174152237
7.263923650917391
7.234181619935829
7.201455556787611
7.1920843073502025
7.168468242162106
7.158254420794233
7.135800285111473
7.129373439985929
7.113728709653788
7.107685308372796
7.090107396207726
7.0773269035461
7.05312677466564
7.042887586879804
7.033896996345777
7.021644110102701
6.989432708188863
6.975980384311279
6.961728206993831
6.952499341537003
6.936219070642011
6.931295613368419
6.9304042094150295
6.90592308177439
6.901693963627081
6.8906659913276735
6.88109088648205
6.872034775212889
6.866870941338533
6.853996347273436
6.842697372994493
6.833648919657148
6.821657954205191
6.800093996502653
6.786904862591415
6.7750750343498325
6.769336057960871
6.757427778609006
6.742298313370976
6.728293625069348
6.706717037649835
6.6798495404552085
6.663231161984116
6.6616271321760605
6.642367777980161
6.635145644796868
6.625775664616071
6.623761011611967
6.606060365439531
6.60188847326298
6.582826190262925
6.571273421701239
6.563189219859191
6.539014997718123
6.521046362201617
6.511886029747885
6.4996742967046925
6.488832232334024
6.478024102346749
6.448100140012737
6.443484637261709
6.435666287625266
6.427209781778704
6.37095013711012
6.363543200626229
6.352360601571279
6.3421703283262065
6.332730184201258
6.324187886496617
6.317243601515288
6.313017292431994
6.2985164992288745
6.289767379213697
6.276393099620828
6.2644060325822615
6.258191022946174
6.24915366293064
6.243461185419339
6.231933288382001
6.225052062912614
6.221246675462953
6.211962879675352
6.201612822971562
6.179026495482314
6.156337183137509
6.130487071437855
6.1264519440571545
6.11817725370906
6.093268505479707
6.084943080895406
6.078274984538995
6.071204549242573
6.0599520952292085
6.04830216794282
6.0269054422356945
6.016633560451671
6.0129149773065285
6.006064070189717
5.995451703471886
5.962667197269506
5.956758553297973
5.953337328518557
5.94370645047904
5.920741809851359
5.917827262207075
5.906339450260293
5.887132691110773
5.875519531312084
5.871486299254309
5.857152801972575
5.848344997863893
5.838751533739889
5.829285633192264
5.804155680165527
5.793354772707049
5.785905038874388
5.766672064202577
5.738595627668599
5.73027551643776
5.718064824612151
5.692656842355832
5.659138227619848
5.630713648968015
5.6205516612514375
5.617854536980935
5.603544459917814
5.594597074491594
5.5864870683896575
5.577643857608579
5.552348114864971
5.550423038974689
5.535686182618664
5.531273614488022
5.514038936931032
5.493227431764356
5.48615701685581
5.474129572769068
5.460855030063637
5.4327930902651955
5.422657043492503
5.407822682337899
5.375708091644421
5.364885613621118
5.355733581423137
5.347031656345246
5.340216498451901
5.33230827477184
5.322188526237584
5.296587093992328
5.282786754703283
5.279117896197759
5.260414701693023
5.253264451764958
5.251319095909817
5.240624635883624
5.233663473933515
5.230584271089786
5.219546293735733
5.191266702139323
5.186733998487084
5.164398609371954
5.155466158832587
5.150598870247313
5.138771299083014
5.124904812610276
5.1139233142026805
5.104490138676496
5.091618427654149
5.08827346148605
5.081545852173813
5.077391419457894
5.060112864838675
5.050116264480348
5.0380338172531385
5.027785419207414
5.019359821332854
5.01441924987291
5.010040253017333
4.999695334116963
4.98522546438379
4.977288589022491
4.9749040383030865
4.936379142453879
4.917899647618631
4.905017361024132
4.886473355534617
4.852029856235562
4.8463820002388935
4.836949967942004
4.835199260874101
4.826245713187966
4.787846371724814
4.778125560057436
4.775331120492958
4.764214343355202
4.758808286289393
4.737730369413444
4.728609455123484
4.708553761914812
4.671303322916472
4.651892199537456
4.625591913537611
4.62398995864917
4.620749436369302
4.607124124226272
4.588609270423584
4.541633674650016
4.539906990974289
4.532406414177973
4.507633920249389
4.500072587069706
4.464554254280047
4.45485766090965
4.439091317486599
4.425093649893895
4.418230829281427
4.417693032073827
4.408203763270982
4.389338632817436
4.387941563579502
4.366698682725541
4.363943789057052
4.357999154190454
4.340243372877284
4.32186371875439
4.3128265458632695
4.302995097840912
4.2986939185969
4.25705183660146
4.246402241436181
4.243706409111326
4.229937531472347
4.215151487672775
4.209919095964266
4.208613930635543
4.200231511638163
4.197260511110254
4.194440891104309
4.1871357093117165
4.180976340557467
4.179424203551089
4.175072781330717
4.171055173048793
4.149252795076106
4.142943657917416
4.122106213970394
4.111712039490107
4.092525172809536
4.078174872025657
4.070950410287044
4.046961554817544
4.043220146970137
4.025832411259092
4.016606711092433
4.0079570834299085
3.992885771332492
3.9850314580920485
3.9813915520991285
3.969382958487898
3.9681615573385454
3.9598765736400225
3.9438914025232656
3.9269673406799526
3.90319661692037
3.894370024242253
3.89208963541571
3.8727093142186875
3.8596503394949324
3.840911589683649
3.836718100675076
3.8310039181801767
3.80472505951582
3.796409144153761
3.7887532070001515
3.77512707476611
3.754689361486344
3.7508857214506737
3.7408571996678375
3.738743559178174
3.7301242169980933
3.7273613217750197
3.7164886832123183
3.707557792684396
3.701196034997093
3.6789143929551695
3.662562679558684
3.658965651238787
3.6530773163255064
3.640971930019398
3.6235752899185405
3.5859686267144233
3.5521971109605266
3.547649450560625
3.5377706468591956
3.5190174067374795
3.5181469657023383
3.4764197852722565
3.4551172894436553
3.452143036544929
3.4500674336120656
3.436365914987067
3.4353059342147954
3.4162804895895573
3.403682516656835
3.382158811473068
3.372298594041507
3.362182502633515
3.3620526931291494
3.344449838961117
3.3244293321401073
3.3216760711340756
3.313933777479564
3.3105259039317207
3.2971823977091383
3.2929034614271218
3.280740612051697
3.2792106400861716
3.2712803016135337
3.2625677944221567
3.255478950153067
3.240294696064361
3.2147147716709314
3.208149855284054
3.1854384460601746
3.16683366588308
3.1402009263526574
3.1011733542902706
3.0983398682333756
3.0881424474058257
3.0664316532360343
3.0363627775646016
3.024276341668957
3.018457514641218
2.996848617862857
2.991645018795721
2.9812102560670133
2.967376108704528
2.9664926314844497
2.9625675878852884
2.9556479739566046
2.9366554529435462
2.913230047614587
2.8602426019725185
2.8352991860725667
2.8288888930048346
2.8115905510324595
2.8095846034133887
2.805071600226238
2.7738838651603333
2.772713364529878
2.7531695698587506
2.743771841871329
2.739282272636218
2.718614579783973
2.7035466754988517
2.696225806427681
2.6882768473154153
2.676410448646943
2.6704514316251964
2.6561985419378744
2.648378132440453
2.64630265844187
2.6418936692078963
2.6329178385271903
2.623530440366358
2.6221231315191456
2.621067945760319
2.6016040046363114
2.599875957071795
2.5975483154231456
2.590538440551722
2.581921454989637
2.575461291513203
2.5751721679772968
2.572197492838437
2.562615809865724
2.5498210556709586
2.536875621071346
2.5236209589778578
2.508826947147702
2.491247076246941
2.45988661750541
2.445305368173633
2.4419952470847184
2.434445663450777
2.4219182162084514
2.393591565603451
2.3735960412688866
2.35227453249738
2.342531513642891
2.3378950733137125
2.3089300554310506
2.3045348666523586
2.2957323113684143
2.290633239612583
2.2849773677912686
2.2326836637451537
2.2245609320867836
2.2243940322575675
2.2163557101459963
2.211763497617693
2.205985200212688
2.195073896662604
2.193224482771421
2.1877173287726617
2.158454074496326
2.150258832462916
2.1472678566000187
2.147019932547541
2.136709668968203
2.119851794770713
2.0677680680087303
2.0520130642675523
2.041275506906378
2.037081596739249
2.026125779695898
1.997312124595578
1.9960548582455402
1.9945201430556454
1.9923748267635804
1.991267156212135
1.9911248136345687
1.9903704691038977
1.9889278442568947
1.9878920028451585
1.9871282895512488
1.9823392747229522
1.9810331672401842
1.972057414832701
1.9683802076208359
1.9661223675494455
1.9631526950961316
1.9571904589837492
1.9490600459753171
1.9418961685870417
1.9299702007395658
1.91538394867747
1.9101748450190075
1.8977827088696042
1.893090175868993
1.8841877587313773
1.8572144421679173
1.7615495912455819
1.728811201150141
1.7266917280631713
1.7265558393562745
1.7248268194466712
1.7246841460020368
1.7246053478396417
1.722136363389533
1.7202149157953366
1.718317478503417
1.7176861232391212
1.716702224164507
1.7160563646518756
1.715183001745081
1.714931987582048
1.7126940308224652
1.7058969350639404
1.703440379029783
1.686126797259158
1.6835703821011363
1.6807897509719347
1.6654674368930267
1.658062260904086
1.6439838072655832
1.6202650614866674
1.5905782485859423
1.5763626753168227
1.5670378895127253
1.5506857239921534
1.487053542390518
1.4475715331823893
1.4377141147417263
1.4320933668511635
1.414213562373096
1.414046033844508
1.4139410784429414
1.4135971766256663
1.4134899670975725
1.4134056207400896
1.4128909949388244
1.4128567020169815
1.4126849882527546
1.4122700718014498
1.4118398573261497
1.4113096299376464
1.4107658409502561
1.4092995358136402
1.4088390333109175
1.4063337277747596
1.406076898360327
1.4050468922219577
1.404434383929706
1.3981913447716663
1.3914691929785796
1.3898340795902977
1.3882569057183702
1.3861336731174374
1.385190170632986
1.3813943907111135
1.3770677224545602
1.3739923028967138
1.373146498184554
1.3654521769549972
1.3602747482801778
1.351727835071423
1.3008632811915946
1.3001021775497568
1.2624624482639168
1.239433364437246
1.239260954571631
1.12387063623245
1.0198311357671745
1.000000000000001
1.000000000000001
1.0000000000000009
1.0000000000000004
1.0000000000000004
1.0000000000000002
1.0000000000000002
1.0000000000000002
1.0
1.0
1.0
1.0
1.0
1.0
1.0
0.9999999999999999
0.9999999999999998
0.9999999999999998
0.9999999999999997
0.9999999999999996
0.9999999999999991
0.999999999999998
0.999142497656916
0.998854623066032
0.9988266769141364
0.9987173256093902
0.9981577240394606
0.9981149487659164
0.9979843273155217
0.9979622900155581
0.9975201767822028
0.9974589060444141
0.9973667856973636
0.9973286680087639
0.9972850532085604
0.9971499268083469
0.9969191479801393
0.9967520749570034
0.9967303594338257
0.9965599457609959
0.9963422417599364
0.9963366234490285
0.9958349203268331
0.9948139455718145
0.9947494791527044
0.9945389143135217
0.9942540773059257
0.9938213431518944
0.9936100414671654
0.9929967527644532
0.9928516681413423
0.992653248871612
0.9925512834358459
0.9917246013258814
0.9916544854859074
0.9916152638406747
0.9903488141560587
0.9884563152676086
0.9877472447819671
0.987594564318042
0.9868253650888822
0.9865500018900125
0.9857847283959826
0.9845670796049903
0.9826008792329415
0.9800622839629274
0.9770956861934375
0.9757539078847085
0.9738973732033356
0.9652469396621897
0.9610682867289478
0.9603136040561624
0.9588012299027242
0.956309106829773
0.9296971761006599
0.8968593924847414
0.8895862399691131
0.8583822773104798
0.8546892839894779
0.8505383488879457
0.8410226969575905
0.8335482679482816
0.8088953031837303
0.6007694845252952
9.721955846667275e-16
7.105815435835673e-16
5.625008325742361e-16
5.357314430943023e-17
