0.0009950248756218905 0.023125920113164215
0.001990049751243781 0.04305796393426784
0.0029850746268656717 0.06131052878829582
0.003980099502487562 0.07813222792759651
0.004975124378109453 0.09338690765515627
0.005970149253731343 0.10791026273963389
0.006965174129353234 0.12181980622729846
0.007960199004975124 0.1338776393488931
0.008955223880597015 0.14558487700315664
0.009950248756218905 0.15646830909671283
0.010945273631840797 0.16628873934539978
0.011940298507462687 0.17605971927069083
0.012935323383084577 0.18509915533166182
0.013930348258706468 0.1938055797423998
0.014925373134328358 0.20215002549812683
0.015920398009950248 0.21022529047150063
0.01691542288557214 0.21808325414530078
0.01791044776119403 0.22555229327737208
0.01890547263681592 0.23284595610015385
0.01990049751243781 0.24011334991221042
0.020895522388059702 0.2472001189998815
0.021890547263681594 0.25387992248562025
0.022885572139303482 0.2603824264959183
0.023880597014925373 0.2666749384360926
0.024875621890547265 0.2727525042636269
0.025870646766169153 0.2787813305117632
0.026865671641791045 0.28457971337993776
0.027860696517412936 0.29009623797890555
0.028855721393034824 0.2955162607404876
0.029850746268656716 0.30089930633656936
0.030845771144278607 0.3060655487142416
0.031840796019900496 0.311168980178845
0.03283582089552239 0.3161571869892805
0.03383084577114428 0.32108217763330804
0.03482587064676617 0.32590558563841576
0.03582089552238806 0.3306956753857302
0.03681592039800995 0.33542967904878274
0.03781094527363184 0.3400305681594356
0.03880597014925373 0.3445865551519789
0.03980099502487562 0.3490703533897823
0.04079601990049751 0.3534584323010063
0.041791044776119404 0.35772838088766185
0.042786069651741296 0.36196006167915984
0.04378109452736319 0.36613754269174653
0.04477611940298507 0.37027193311977413
0.045771144278606964 0.37429091446756274
0.046766169154228855 0.37829596777780816
0.04776119402985075 0.3822018948251911
0.04875621890547264 0.386094012152328
0.04975124378109453 0.3899116388231782
0.050746268656716415 0.3936871712040869
0.051741293532338306 0.39742732587446644
0.0527363184079602 0.40113348702383245
0.05373134328358209 0.4048089374913277
0.05472636815920398 0.4084204625223181
0.05572139303482587 0.41199554676516503
0.056716417910447764 0.4155015533976572
0.05771144278606965 0.41899319591007
0.05870646766169154 0.4224014777455592
0.05970149253731343 0.4258043812163243
0.06069651741293532 0.4291663948944572
0.061691542288557215 0.4324449513306334
0.0626865671641791 0.43567918751723617
0.06368159203980099 0.43882629639199117
0.06467661691542288 0.4419370303960657
0.06567164179104477 0.44503050814595696
0.06666666666666667 0.4481201316248851
0.06766169154228856 0.45118188367922657
0.06865671641791045 0.45421427087178634
0.06965174129353234 0.4572427850233141
0.07064676616915423 0.4602363787386232
0.07164179104477612 0.4632051995105094
0.07263681592039802 0.4661497941946973
0.0736318407960199 0.4690148835780216
0.07462686567164178 0.4718722289562797
0.07562189054726368 0.474697033170777
0.07661691542288557 0.4774755640469305
0.07761194029850746 0.48024012128351024
0.07860696517412935 0.4829963578564488
0.07960199004975124 0.48571713060611477
0.08059701492537313 0.48839340643401563
0.08159203980099503 0.4910296207831142
0.08258706467661692 0.49365503510342784
0.08358208955223881 0.49626273898924494
0.0845771144278607 0.4988429199959228
0.08557213930348259 0.5013935580914374
0.08656716417910448 0.5039261076115721
0.08756218905472637 0.5064527375419929
0.08855721393034825 0.5089438108319484
0.08955223880597014 0.5114333197120299
0.09054726368159204 0.5139071071031707
0.09154228855721393 0.5163515932131015
0.09253731343283582 0.5187712920305573
0.09353233830845771 0.5211852835730814
0.0945273631840796 0.5235777976377909
0.0955223880597015 0.525942945077789
0.09651741293532339 0.528293911736898
0.09751243781094528 0.530615157420838
0.09850746268656717 0.5329222260027372
0.09950248756218906 0.5352139103060587
0.10049751243781095 0.5374754184094996
0.10149253731343283 0.5397267246135697
0.10248756218905472 0.5419552475883543
0.10348258706467661 0.5441741292735399
0.1044776119402985 0.5463711823174785
0.1054726368159204 0.5485602015926316
0.10646766169154229 0.5507298949467816
0.10746268656716418 0.5528883544524955
0.10845771144278607 0.5550308840192927
0.10945273631840796 0.5571666521407284
0.11044776119402985 0.5592771355875034
0.11144278606965174 0.5613754922104841
0.11243781094527364 0.5634679493444629
0.11343283582089553 0.5655365304156161
0.11442786069651742 0.5675917141725527
0.1154228855721393 0.5696437274966889
0.11641791044776119 0.571690371617274
0.11741293532338308 0.5737126380910331
0.11840796019900497 0.5757248407221657
0.11940298507462686 0.5777334937239443
0.12039800995024875 0.5797262703826782
0.12139303482587065 0.5817141405486201
0.12238805970149254 0.5836893467840207
0.12338308457711443 0.5856504093468492
0.12437810945273632 0.5876010961353356
0.1253731343283582 0.5895476611199585
0.1263681592039801 0.5914664427453452
0.12736318407960198 0.5933807670263194
0.12835820895522387 0.5952815528892914
0.12935323383084577 0.597165046558695
0.13034825870646766 0.5990396051702502
0.13134328358208955 0.6009038572287826
0.13233830845771144 0.6027599644643145
0.13333333333333333 0.6046056814252083
0.13432835820895522 0.6064418132285349
0.13532338308457711 0.6082690986827287
0.136318407960199 0.6100828017467784
0.1373134328358209 0.611890898365287
0.1383084577114428 0.6136820434392007
0.13930348258706468 0.6154660469665365
0.14029850746268657 0.6172464993655729
0.14129353233830846 0.6190213386417394
0.14228855721393036 0.6207864258862623
0.14328358208955225 0.6225404830073594
0.14427860696517414 0.6242915070003169
0.14527363184079603 0.6260341064469674
0.14626865671641792 0.6277702690089823
0.1472636815920398 0.629487004370093
0.1482587064676617 0.6312025023211448
0.14925373134328357 0.6329083518020412
0.15024875621890546 0.6346063011617231
0.15124378109452735 0.6362948105850982
0.15223880597014924 0.6379830049393656
0.15323383084577114 0.6396541810766257
0.15422885572139303 0.6413191428493272
0.15522388059701492 0.6429780485689701
0.1562189054726368 0.6446178653052345
0.1572139303482587 0.6462558028065611
0.1582089552238806 0.6478903154806042
0.15920398009950248 0.6495125493616329
0.16019900497512438 0.6511332497320808
0.16119402985074627 0.6527506721440266
0.16218905472636816 0.6543638699867078
0.16318407960199005 0.6559587616784283
0.16417910447761194 0.6575503522419034
0.16517412935323383 0.6591366938304187
0.16616915422885573 0.6607151098669155
0.16716417910447762 0.6622783263772015
0.1681592039800995 0.6638383407395255
0.1691542288557214 0.6653914022271045
0.1701492537313433 0.6669343630723392
0.17114427860696518 0.668469802710326
0.17213930348258707 0.6699954668965289
0.17313432835820897 0.6715050943844675
0.17412935323383086 0.6730039077291993
0.17512437810945275 0.6744956680338939
0.1761194029850746 0.6759835544124593
0.1771144278606965 0.6774641567657577
0.1781094527363184 0.6789420523978273
0.1791044776119403 0.6804137256110636
0.18009950248756218 0.6818751926228012
0.18109452736318407 0.6833346624756675
0.18208955223880596 0.6847804554644776
0.18308457711442785 0.6862191431184179
0.18407960199004975 0.6876462894909561
0.18507462686567164 0.6890653580844923
0.18606965174129353 0.6904796330450559
0.18706467661691542 0.6918826960826724
0.1880597014925373 0.6932825166968242
0.1890547263681592 0.6946720213224465
0.1900497512437811 0.6960564840115091
0.191044776119403 0.697426047735799
0.19203980099502488 0.6987904967566944
0.19303482587064677 0.7001453063022312
0.19402985074626866 0.7014944845275688
0.19502487562189055 0.702838041857494
0.19601990049751244 0.704177838774189
0.19701492537313434 0.7055058391251425
0.19800995024875623 0.7068287910935669
0.19900497512437812 0.7081485169340954
0.2 0.7094433552635251
0.2009950248756219 0.710734369827563
0.2019900497512438 0.7120208208562094
0.20298507462686566 0.7133034353358855
0.20398009950248755 0.714574087952969
0.20497512437810944 0.7158407172865248
0.20597014925373133 0.7170957282720944
0.20696517412935322 0.7183454864237296
0.20796019900497512 0.7195854910120566
0.208955223880597 0.7208169225303639
0.2099502487562189 0.7220464285144564
0.2109452736318408 0.7232679057618403
0.21194029850746268 0.724488341253864
0.21293532338308457 0.7257031632519059
0.21393034825870647 0.7269156380006304
0.21492537313432836 0.7281201859196843
0.21592039800995025 0.7293204944474511
0.21691542288557214 0.7305101504376247
0.21791044776119403 0.73169321244191
0.21890547263681592 0.7328736447636994
0.21990049751243781 0.7340529060593034
0.2208955223880597 0.7352265572930536
0.2218905472636816 0.7363941256114027
0.2228855721393035 0.737559999414348
0.22388059701492538 0.7387200285242217
0.22487562189054727 0.7398788205589616
0.22587064676616916 0.741034732579565
0.22686567164179106 0.7421825128171881
0.22786069651741295 0.7433286814059882
0.22885572139303484 0.7444711506625858
0.2298507462686567 0.7456096182254245
0.2308457711442786 0.746738325001339
0.23184079601990049 0.7478663083791702
0.23283582089552238 0.7489928247049193
0.23383084577114427 0.7501109694192228
0.23482587064676616 0.7512229785557287
0.23582089552238805 0.7523235747876986
0.23681592039800994 0.7534228569530784
0.23781094527363184 0.7545110731627733
0.23880597014925373 0.7555953003381578
0.23980099502487562 0.7566779868959241
0.2407960199004975 0.7577565394299746
0.2417910447761194 0.758829557550202
0.2427860696517413 0.7599008380381208
0.24378109452736318 0.7609658914022883
0.24477611940298508 0.7620281043122752
0.24577114427860697 0.7630857837736214
0.24676616915422886 0.7641413562400021
0.24776119402985075 0.7651951439426006
0.24875621890547264 0.766247268446332
0.24975124378109453 0.7672934057060191
0.2507462686567164 0.7683383218448389
0.2517412935323383 0.7693824751128276
0.2527363184079602 0.7704223128727342
0.2537313432835821 0.7714534966871222
0.25472636815920396 0.7724782268278958
0.2557213930348259 0.7735004380310784
0.25671641791044775 0.774516954258541
0.25771144278606967 0.775527161765884
0.25870646766169153 0.7765347489103401
0.25970149253731345 0.7775333337959693
0.2606965174129353 0.77853067803354
0.26169154228855723 0.7795232755697616
0.2626865671641791 0.7805134847956801
0.263681592039801 0.7815000753598218
0.2646766169154229 0.7824833599249632
0.2656716417910448 0.7834654655178537
0.26666666666666666 0.7844465917282913
0.2676616915422886 0.7854204380340991
0.26865671641791045 0.786391062860196
0.26965174129353237 0.787353281165901
0.27064676616915423 0.7883129833193808
0.2716417910447761 0.7892717111177928
0.272636815920398 0.79022233823785
0.2736318407960199 0.7911684458850704
0.2746268656716418 0.7921072728337617
0.27562189054726366 0.7930458459173929
0.2766169154228856 0.7939808545471895
0.27761194029850744 0.7949125743849196
0.27860696517412936 0.7958421004196387
0.2796019900497512 0.7967700959466898
0.28059701492537314 0.7976962595319548
0.281592039800995 0.7986169178266618
0.28258706467661693 0.7995344674524353
0.2835820895522388 0.8004498038024289
0.2845771144278607 0.8013595803630501
0.2855721393034826 0.8022657909882507
0.2865671641791045 0.8031710233898873
0.28756218905472636 0.8040719982434578
0.2885572139303483 0.8049687717861946
0.28955223880597014 0.8058637464879879
0.29054726368159206 0.806756566953357
0.2915422885572139 0.807645635289444
0.29253731343283584 0.8085320137252181
0.2935323383084577 0.8094163318611309
0.2945273631840796 0.8102932007266166
0.2955223880597015 0.8111673318597034
0.2965174129353234 0.8120385522393988
0.2975124378109453 0.8129055607863647
0.29850746268656714 0.8137692309734557
0.29950248756218906 0.8146321394541916
0.3004975124378109 0.8154914172313883
0.30149253731343284 0.8163450218250932
0.3024875621890547 0.8171933525812275
0.3034825870646766 0.8180398925448977
0.3044776119402985 0.8188842901616032
0.3054726368159204 0.819724270361608
0.30646766169154227 0.820563864719632
0.3074626865671642 0.8213979174873796
0.30845771144278605 0.8222262835402541
0.309452736318408 0.8230526627606686
0.31044776119402984 0.8238776621402731
0.31144278606965176 0.8247011487244297
0.3124378109452736 0.825520949016731
0.31343283582089554 0.8263378743441622
0.3144278606965174 0.8271507460137426
0.3154228855721393 0.8279613440153082
0.3164179104477612 0.8287705555708744
0.3174129353233831 0.8295732901903217
0.31840796019900497 0.8303727051952956
0.3194029850746269 0.8311695241196277
0.32039800995024875 0.8319625933637292
0.32139303482587067 0.8327518669398926
0.32238805970149254 0.8335398905710517
0.32338308457711445 0.83432647236124
0.3243781094527363 0.8351075637015865
0.3253731343283582 0.8358861107162673
0.3263681592039801 0.8366641483830758
0.32736318407960197 0.8374395244195035
0.3283582089552239 0.8382123235766903
0.32935323383084575 0.838981155433545
0.33034825870646767 0.8397490407263334
0.33134328358208953 0.8405155011140686
0.33233830845771145 0.8412771630545708
0.3333333333333333 0.8420364862931103
0.33432835820895523 0.8427928461398562
0.3353233830845771 0.8435454361674035
0.336318407960199 0.8442957074589701
0.3373134328358209 0.8450428941170527
0.3383084577114428 0.8457874704511534
0.33930348258706466 0.8465274655527694
0.3402985074626866 0.8472653107495894
0.34129353233830845 0.8480001117992692
0.34228855721393037 0.8487335068940669
0.34328358208955223 0.8494654273959041
0.34427860696517415 0.8501929301243244
0.345273631840796 0.8509158361737024
0.34626865671641793 0.8516379411643301
0.3472636815920398 0.8523576766359786
0.3482587064676617 0.8530763298516908
0.3492537313432836 0.8537907228959871
0.3502487562189055 0.8545039034195769
0.35124378109452736 0.8552144492340997
0.3522388059701492 0.8559197164550951
0.35323383084577115 0.8566219457199319
0.354228855721393 0.8573222201404904
0.35522388059701493 0.8580209200933173
0.3562189054726368 0.8587172676232712
0.3572139303482587 0.859409251991933
0.3582089552238806 0.8600958666791529
0.3592039800995025 0.8607811613791643
0.36019900497512436 0.8614655303848369
0.3611940298507463 0.8621485026033643
0.36218905472636814 0.8628244413228192
0.36318407960199006 0.8634973710794116
0.3641791044776119 0.864168067961138
0.36517412935323385 0.8648334253300826
0.3661691542288557 0.8654964027985829
0.36716417910447763 0.8661589407877056
0.3681592039800995 0.8668200491228011
0.3691542288557214 0.8674771450593982
0.3701492537313433 0.8681316216264211
0.3711442786069652 0.8687837212476727
0.37213930348258706 0.8694334922628492
0.373134328358209 0.8700814096323131
0.37412935323383084 0.8707268305359424
0.37512437810945276 0.871371322814219
0.3761194029850746 0.8720122171026299
0.37711442786069654 0.8726524029218742
0.3781094527363184 0.8732907261107077
0.37910447761194027 0.8739251503365637
0.3800995024875622 0.8745585961148056
0.38109452736318405 0.875188364348427
0.382089552238806 0.8758169763512642
0.38308457711442784 0.8764445406152881
0.38407960199004976 0.8770707832796307
0.3850746268656716 0.8776950427475251
0.38606965174129354 0.878317470269068
0.3870646766169154 0.8789368594704589
0.3880597014925373 0.8795536007493568
0.3890547263681592 0.8801666208088252
0.3900497512437811 0.8807782126964221
0.39104477611940297 0.8813887123821781
0.3920398009950249 0.8819968069520416
0.39303482587064675 0.8826026780985136
0.3940298507462687 0.8832056017551441
0.39502487562189054 0.8838070999218424
0.39601990049751246 0.8844076412702624
0.3970149253731343 0.8850061115114122
0.39800995024875624 0.8856034831326624
0.3990049751243781 0.8861972727342002
0.4 0.8867895538778422
0.4009950248756219 0.8873804176197537
0.4019900497512438 0.8879705661149428
0.40298507462686567 0.8885558917947984
0.4039800995024876 0.8891359336489337
0.40497512437810945 0.8897144668691245
0.4059701492537313 0.8902892069617201
0.40696517412935324 0.8908623104116281
0.4079601990049751 0.8914318240591245
0.408955223880597 0.8920003123057973
0.4099502487562189 0.8925663083034547
0.4109452736318408 0.8931313430364555
0.41194029850746267 0.8936935864670917
0.4129353233830846 0.8942538047460084
0.41393034825870645 0.8948101983674505
0.41492537313432837 0.8953649777024326
0.41592039800995023 0.8959183415355501
0.41691542288557215 0.8964697791537869
0.417910447761194 0.8970161689980117
0.41890547263681593 0.8975604576302781
0.4199004975124378 0.8981025245321342
0.4208955223880597 0.8986431551967661
0.4218905472636816 0.8991812568978916
0.4228855721393035 0.8997185949609491
0.42388059701492536 0.9002557948234448
0.4248756218905473 0.9007892061535276
0.42587064676616915 0.9013219643721361
0.42686567164179107 0.9018530213999971
0.42786069651741293 0.9023826035649698
0.42885572139303485 0.9029107926952781
0.4298507462686567 0.9034381883324623
0.43084577114427863 0.9039636082110922
0.4318407960199005 0.9044872971835489
0.43283582089552236 0.9050096020696021
0.4338308457711443 0.9055300755928959
0.43482587064676614 0.9060472637770973
0.43582089552238806 0.9065624476804389
0.4368159203980099 0.9070758371794945
0.43781094527363185 0.9075883572911791
0.4388059701492537 0.9080990757891282
0.43980099502487563 0.9086075099126111
0.4407960199004975 0.9091138340534153
0.4417910447761194 0.9096169159962074
0.4427860696517413 0.9101159752618643
0.4437810945273632 0.9106125544599097
0.44477611940298506 0.9111088946051763
0.445771144278607 0.911602368972387
0.44676616915422884 0.9120947708304512
0.44776119402985076 0.9125857829562755
0.4487562189054726 0.9130764965302887
0.44975124378109455 0.913564590945301
0.4507462686567164 0.91405206906734
0.45174129353233833 0.9145367361663034
0.4527363184079602 0.9150197035899715
0.4537313432835821 0.9155014834190232
0.454726368159204 0.9159797207009567
0.4557213930348259 0.9164553332864679
0.45671641791044776 0.916929610592605
0.4577114427860697 0.9174021107431856
0.45870646766169154 0.9178730358596657
0.4597014925373134 0.9183423934888818
0.4606965174129353 0.9188074249221339
0.4616915422885572 0.9192717908614758
0.4626865671641791 0.9197350305863992
0.46368159203980097 0.920197053711353
0.4646766169154229 0.9206510237328221
0.46567164179104475 0.9211039387868573
0.4666666666666667 0.9215552634321659
0.46766169154228854 0.9220051412349989
0.46865671641791046 0.9224536807733664
0.4696517412935323 0.9229010110468703
0.47064676616915424 0.9233473594762329
0.4716417910447761 0.9237931108808403
0.472636815920398 0.92423681688461
0.4736318407960199 0.9246792910615343
0.4746268656716418 0.9251198855245186
0.47562189054726367 0.9255587986422256
0.4766169154228856 0.9259968412875934
0.47761194029850745 0.9264336197047875
0.4786069651741294 0.9268696027442337
0.47960199004975124 0.9273039772760017
0.48059701492537316 0.9277373930751491
0.481592039800995 0.9281702791402764
0.48258706467661694 0.9286018742013827
0.4835820895522388 0.929032032257127
0.4845771144278607 0.9294590627398734
0.4855721393034826 0.9298829628787015
0.48656716417910445 0.9303033106259426
0.48756218905472637 0.9307231052039252
0.48855721393034823 0.9311417665568965
0.48955223880597015 0.9315570258829137
0.490547263681592 0.9319711512203823
0.49154228855721394 0.9323843694287022
0.4925373134328358 0.9327966268600429
0.4935323383084577 0.9332073575403601
0.4945273631840796 0.9336165105240054
0.4955223880597015 0.9340227737548844
0.49651741293532337 0.9344276533464329
0.4975124378109453 0.9348320326206033
0.49850746268656715 0.9352354909482351
0.49950248756218907 0.9356375247605879
0.5004975124378109 0.9360351737680188
0.5014925373134328 0.9364320350735058
0.5024875621890548 0.9368284406405866
0.5034825870646766 0.9372235646926336
0.5044776119402985 0.9376156413692424
0.5054726368159204 0.9380073321330953
0.5064676616915423 0.9383975036561154
0.5074626865671642 0.9387851417162966
0.5084577114427861 0.9391712519486315
0.5094527363184079 0.9395568322745754
0.5104477611940299 0.9399405323377197
0.5114427860696518 0.9403230792761044
0.5124378109452736 0.940704372204923
0.5134328358208955 0.9410844298164983
0.5144278606965174 0.9414612176472491
0.5154228855721393 0.9418366044597898
0.5164179104477612 0.9422110264656154
0.5174129353233831 0.9425829633701335
0.5184079601990049 0.9429512873618782
0.5194029850746269 0.9433185440977133
0.5203980099502488 0.9436842373203025
0.5213930348258706 0.9440466878781303
0.5223880597014925 0.9444048827520166
0.5233830845771145 0.9447594883979435
0.5243781094527363 0.9451128152551592
0.5253731343283582 0.9454658030930578
0.5263681592039801 0.945816994925136
0.527363184079602 0.9461670661307854
0.5283582089552239 0.946516123135844
0.5293532338308458 0.9468640759258574
0.5303482587064676 0.9472088798000607
0.5313432835820896 0.9475534446191682
0.5323383084577115 0.9478961821680999
0.5333333333333333 0.9482383735336039
0.5343283582089552 0.9485784357801114
0.5353233830845772 0.9489159358932665
0.536318407960199 0.9492525677626935
0.5373134328358209 0.9495877252365436
0.5383084577114428 0.9499212591946392
0.5393034825870647 0.9502513740685515
0.5402985074626866 0.9505802582906248
0.5412935323383085 0.950907345565548
0.5422885572139303 0.9512305595315533
0.5432835820895522 0.9515524734065238
0.5442786069651742 0.9518732899036906
0.545273631840796 0.9521930647309894
0.5462686567164179 0.9525120249279532
0.5472636815920398 0.9528300411403836
0.5482587064676617 0.9531468514246819
0.5492537313432836 0.9534606211217398
0.5502487562189055 0.953772757885328
0.5512437810945273 0.9540844612458617
0.5522388059701493 0.9543939598738945
0.5532338308457712 0.9547026176980529
0.554228855721393 0.9550110469640896
0.5552238805970149 0.9553182212594539
0.5562189054726369 0.9556245800528459
0.5572139303482587 0.9559305784625918
0.5582089552238806 0.9562352867527242
0.5592039800995025 0.9565367021580271
0.5601990049751244 0.9568375914373063
0.5611940298507463 0.9571358948854656
0.5621890547263682 0.9574331673224111
0.56318407960199 0.9577298787130116
0.564179104477612 0.9580252289625869
0.5651741293532339 0.9583189874135071
0.5661691542288557 0.9586114882989162
0.5671641791044776 0.9589029110815874
0.5681592039800994 0.9591928659878365
0.5691542288557214 0.9594824400443506
0.5701492537313433 0.9597712488694995
0.5711442786069652 0.9600595856546821
0.572139303482587 0.9603459633370731
0.573134328358209 0.9606312106196149
0.5741293532338309 0.9609150946217152
0.5751243781094527 0.9611978248415096
0.5761194029850746 0.9614796082527547
0.5771144278606966 0.9617608372164328
0.5781094527363184 0.9620415752107829
0.5791044776119403 0.962321155045408
0.5800995024875621 0.9625991189297008
0.5810945273631841 0.962876198437339
0.582089552238806 0.9631530125185873
0.5830845771144278 0.9634255559877912
0.5840796019900497 0.9636960627258605
0.5850746268656717 0.9639651541519132
0.5860696517412936 0.9642322147593951
0.5870646766169154 0.964495523752067
0.5880597014925373 0.9647582201080518
0.5890547263681593 0.9650198949393592
0.5900497512437811 0.9652813803814552
0.591044776119403 0.9655418983123577
0.5920398009950248 0.9657982871868473
0.5930348258706468 0.9660536360204958
0.5940298507462687 0.966308686264994
0.5950248756218905 0.9665625503984642
0.5960199004975124 0.9668158387285612
0.5970149253731343 0.9670668882767417
0.5980099502487563 0.9673169721316007
0.5990049751243781 0.9675649390983361
0.6 0.9678089981386417
0.6009950248756218 0.9680510330684152
0.6019900497512438 0.9682903389610054
0.6029850746268657 0.9685294791274056
0.6039800995024875 0.9687682842292825
0.6049751243781094 0.9690056830671626
0.6059701492537314 0.9692411776486547
0.6069651741293532 0.969471875189559
0.6079601990049751 0.9697023973460163
0.608955223880597 0.9699321584204414
0.609950248756219 0.9701594147767253
0.6109452736318408 0.9703859093498544
0.6119402985074627 0.9706088426640554
0.6129353233830845 0.9708308086493473
0.6139303482587065 0.9710512062796194
0.6149253731343284 0.9712702161534612
0.6159203980099502 0.9714885472349051
0.6169154228855721 0.9717068251680621
0.6179104477611941 0.9719241663800039
0.618905472636816 0.9721396513270847
0.6199004975124378 0.9723549991238991
0.6208955223880597 0.9725682668864926
0.6218905472636815 0.9727812656382295
0.6228855721393035 0.9729936844845193
0.6238805970149254 0.9732043759421557
0.6248756218905472 0.9734132867453577
0.6258706467661691 0.9736213247819615
0.6268656716417911 0.9738284154195039
0.6278606965174129 0.974035092257471
0.6288557213930348 0.9742377842721396
0.6298507462686567 0.9744394634319117
0.6308457711442786 0.9746408866005719
0.6318407960199005 0.9748410048383349
0.6328358208955224 0.9750397264666276
0.6338308457711442 0.9752379550431083
0.6348258706467662 0.9754360607284099
0.6358208955223881 0.9756333780538622
0.6368159203980099 0.9758304163363407
0.6378109452736318 0.9760271899764549
0.6388059701492538 0.9762232787980297
0.6398009950248756 0.9764187911419807
0.6407960199004975 0.9766141583496805
0.6417910447761194 0.9768091189546464
0.6427860696517413 0.977003704524965
0.6437810945273632 0.977196261188807
0.6447761194029851 0.977388232714634
0.6457711442786069 0.9775782780080525
0.6467661691542289 0.977767366085267
0.6477611940298508 0.9779546935611373
0.6487562189054726 0.9781407096253683
0.6497512437810945 0.9783260672207225
0.6507462686567164 0.9785092467420924
0.6517412935323383 0.9786920877218245
0.6527363184079602 0.9788733594797409
0.6537313432835821 0.9790538013756528
0.6547263681592039 0.9792334669572231
0.6557213930348259 0.9794117838691996
0.6567164179104478 0.9795893999450083
0.6577114427860696 0.979766691701891
0.6587064676616915 0.9799429155839513
0.6597014925373135 0.9801190310325655
0.6606965174129353 0.9802944118385074
0.6616915422885572 0.98046837955311
0.6626865671641791 0.9806408574076299
0.663681592039801 0.9808112534956113
0.6646766169154229 0.9809808797959358
0.6656716417910448 0.9811503075015372
0.6666666666666666 0.9813180521070293
0.6676616915422886 0.9814846673330485
0.6686567164179105 0.9816496686398495
0.6696517412935323 0.9818143098480504
0.6706467661691542 0.9819784610075658
0.6716417910447762 0.9821403678936569
0.672636815920398 0.9823015677995927
0.6736318407960199 0.9824621182012697
0.6746268656716418 0.9826215158506186
0.6756218905472637 0.9827791922836541
0.6766169154228856 0.9829365494143163
0.6776119402985075 0.9830930662368766
0.6786069651741293 0.9832494062406938
0.6796019900497512 0.9834050262193786
0.6805970149253732 0.983560415748655
0.681592039800995 0.9837149000637959
0.6825870646766169 0.9838686428054225
0.6835820895522388 0.9840218583887472
0.6845771144278607 0.9841732347726762
0.6855721393034826 0.9843232684983827
0.6865671641791045 0.9844730076704677
0.6875621890547263 0.9846222652830017
0.6885572139303483 0.9847705353295875
0.6895522388059702 0.9849173918863291
0.690547263681592 0.9850612160090884
0.6915422885572139 0.9852023439080149
0.6925373134328359 0.9853431106834408
0.6935323383084577 0.9854830945905394
0.6945273631840796 0.9856215983598348
0.6955223880597015 0.9857600336188386
0.6965174129353234 0.9858952045135296
0.6975124378109453 0.9860287239073693
0.6985074626865672 0.9861620135263648
0.699502487562189 0.9862951429126288
0.700497512437811 0.986427216984609
0.7014925373134329 0.9865592095900698
0.7024875621890547 0.9866897442385231
0.7034825870646766 0.9868193179355133
0.7044776119402985 0.9869472580559264
0.7054726368159204 0.9870744532802033
0.7064676616915423 0.9872008865383877
0.7074626865671642 0.9873273100339125
0.708457711442786 0.98745241315245
0.709452736318408 0.987576022972316
0.7104477611940299 0.9876994281319929
0.7114427860696517 0.9878222586868758
0.7124378109452736 0.9879448367468094
0.7134328358208956 0.9880664286644436
0.7144278606965174 0.9881877051937222
0.7154228855721393 0.9883080874702667
0.7164179104477612 0.9884283574925469
0.7174129353233831 0.9885480465038514
0.718407960199005 0.9886670988208799
0.7194029850746269 0.988785634350803
0.7203980099502487 0.9889030667090369
0.7213930348258707 0.9890186522883767
0.7223880597014926 0.9891337662645309
0.7233830845771144 0.9892472561603316
0.7243781094527363 0.9893594242358873
0.7253731343283583 0.98946971360114
0.7263681592039801 0.9895772785685746
0.727363184079602 0.9896846470654718
0.7283582089552239 0.9897913099716161
0.7293532338308458 0.989896478389605
0.7303482587064677 0.989999594394895
0.7313432835820896 0.9901018911143615
0.7323383084577114 0.9902037945666727
0.7333333333333333 0.9903042442041633
0.7343283582089553 0.9904043453116411
0.7353233830845771 0.9905037493379794
0.736318407960199 0.9906022329466821
0.7373134328358208 0.9907006579210433
0.7383084577114428 0.9907988226104235
0.7393034825870647 0.9908965292724593
0.7402985074626866 0.9909929842741851
0.7412935323383084 0.9910879065897275
0.7422885572139304 0.9911794073082472
0.7432835820895523 0.9912693190785895
0.7442786069651741 0.991358824747694
0.745273631840796 0.9914472391290946
0.746268656716418 0.9915355273958657
0.7472636815920398 0.9916235322575955
0.7482587064676617 0.9917095910626084
0.7492537313432835 0.9917955772541758
0.7502487562189055 0.9918803555503248
0.7512437810945274 0.9919645560661593
0.7522388059701492 0.9920484812567909
0.7532338308457711 0.9921311448055771
0.7542288557213931 0.9922128945693212
0.755223880597015 0.9922942021960618
0.7562189054726368 0.9923750311104643
0.7572139303482587 0.9924551480213976
0.7582089552238805 0.9925349085695377
0.7592039800995025 0.992613819984431
0.7601990049751244 0.9926922674196154
0.7611940298507462 0.9927705919480194
0.7621890547263681 0.9928486557017734
0.7631840796019901 0.9929261899135914
0.764179104477612 0.9930031722304893
0.7651741293532338 0.9930800719801437
0.7661691542288557 0.9931569098507864
0.7671641791044777 0.9932326107690043
0.7681592039800995 0.9933082111559022
0.7691542288557214 0.9933836762349317
0.7701492537313432 0.9934587345558165
0.7711442786069652 0.9935332943697024
0.7721393034825871 0.993607481541733
0.7731343283582089 0.9936816520580649
0.7741293532338308 0.9937556513192373
0.7751243781094528 0.9938291002985232
0.7761194029850746 0.993901817669436
0.7771144278606965 0.993973798542914
0.7781094527363184 0.9940450292103478
0.7791044776119403 0.9941154271865106
0.7800995024875622 0.9941848420328339
0.7810945273631841 0.9942525202550595
0.7820895522388059 0.9943193985150067
0.7830845771144279 0.9943860958361577
0.7840796019900498 0.9944523813967644
0.7850746268656716 0.9945179865130951
0.7860696517412935 0.9945820659747033
0.7870646766169154 0.9946450792973792
0.7880597014925373 0.9947069656340595
0.7890547263681592 0.994768340371417
0.7900497512437811 0.9948294723981014
0.7910447761194029 0.9948890990352506
0.7920398009950249 0.9949484988825994
0.7930348258706468 0.9950074458213355
0.7940298507462686 0.995066131195721
0.7950248756218905 0.9951245271242216
0.7960199004975125 0.995180280754643
0.7970149253731343 0.9952356294481813
0.7980099502487562 0.995290969836853
0.7990049751243781 0.9953459109796227
0.8 0.9954006246859542
0.8009950248756219 0.9954550528833791
0.8019900497512438 0.9955089439839597
0.8029850746268656 0.9955627443131416
0.8039800995024876 0.9956162747978872
0.8049751243781095 0.9956683827958707
0.8059701492537313 0.9957200958565982
0.8069651741293532 0.9957716651532907
0.8079601990049752 0.9958232225422645
0.808955223880597 0.9958742859498574
0.8099502487562189 0.9959245467919627
0.8109452736318408 0.9959723682057251
0.8119402985074626 0.9960194636616179
0.8129353233830846 0.996066067534775
0.8139303482587065 0.9961124801043347
0.8149253731343283 0.9961583947849054
0.8159203980099502 0.9962030128403927
0.8169154228855722 0.9962475747412879
0.817910447761194 0.9962920681435298
0.8189054726368159 0.9963364658825754
0.8199004975124378 0.9963808142690622
0.8208955223880597 0.9964251563154275
0.8218905472636816 0.9964694647698816
0.8228855721393035 0.9965137090178842
0.8238805970149253 0.9965579071927321
0.8248756218905473 0.996602071413774
0.8258706467661692 0.9966460230181998
0.826865671641791 0.9966899167247585
0.8278606965174129 0.9967334135813097
0.8288557213930349 0.9967767483758131
0.8298507462686567 0.996819983812561
0.8308457711442786 0.9968630887405242
0.8318407960199005 0.996905932240538
0.8328358208955224 0.9969484205254178
0.8338308457711443 0.9969905970482462
0.8348258706467662 0.9970322571157534
0.835820895522388 0.9970732898492685
0.83681592039801 0.9971140996999385
0.8378109452736319 0.997154381765615
0.8388059701492537 0.997194464871499
0.8398009950248756 0.9972341718753818
0.8407960199004975 0.997272750155915
0.8417910447761194 0.9973074564714136
0.8427860696517413 0.997340884741154
0.8437810945273632 0.9973742310969321
0.844776119402985 0.997407572204275
0.845771144278607 0.9974408465676734
0.8467661691542289 0.9974741154265518
0.8477611940298507 0.997507381245494
0.8487562189054726 0.9975405518844017
0.8497512437810946 0.9975736485453254
0.8507462686567164 0.997606672233734
0.8517412935323383 0.9976396716590488
0.8527363184079602 0.9976726332907241
0.8537313432835821 0.9977055701253454
0.854726368159204 0.9977384734430146
0.8557213930348259 0.9977713671306974
0.8567164179104477 0.9978041750230038
0.8577114427860697 0.9978367230254762
0.8587064676616916 0.9978691773547373
0.8597014925373134 0.9979009753121739
0.8606965174129353 0.9979326769219837
0.8616915422885573 0.997964273899771
0.8626865671641791 0.9979952974184699
0.863681592039801 0.9980260456704472
0.8646766169154229 0.9980562739780957
0.8656716417910447 0.998085636333893
0.8666666666666667 0.9981139325810815
0.8676616915422886 0.9981417253008763
0.8686567164179104 0.9981691901841337
0.8696517412935323 0.9981960848615666
0.8706467661691543 0.9982208175868845
0.8716417910447761 0.9982442544147617
0.872636815920398 0.9982673731374376
0.8736318407960199 0.9982903114480258
0.8746268656716418 0.998312680560755
0.8756218905472637 0.9983350443740827
0.8766169154228856 0.9983574048676942
0.8776119402985074 0.9983797544854929
0.8786069651741294 0.9984021007133568
0.8796019900497513 0.9984244442743937
0.8805970149253731 0.9984467715676593
0.881592039800995 0.998469097777106
0.882587064676617 0.9984914185599806
0.8835820895522388 0.9985137262332094
0.8845771144278607 0.9985360203175045
0.8855721393034826 0.9985582976595121
0.8865671641791045 0.9985805578375478
0.8875621890547264 0.9986027717665891
0.8885572139303483 0.998624971180762
0.8895522388059701 0.9986470917117362
0.8905472636815921 0.998669204163996
0.891542288557214 0.9986912842316551
0.8925373134328358 0.9987133450525877
0.8935323383084577 0.9987352101784319
0.8945273631840795 0.9987568655656414
0.8955223880597015 0.9987784700883269
0.8965174129353234 0.998800025605515
0.8975124378109453 0.9988215152380995
0.8985074626865671 0.9988429756258548
0.8995024875621891 0.9988643185607124
0.900497512437811 0.998885528008444
0.9014925373134328 0.9989066428274043
0.9024875621890547 0.9989277316585676
0.9034825870646767 0.9989485848125851
0.9044776119402985 0.9989692801272716
0.9054726368159204 0.9989897161923222
0.9064676616915422 0.9990086432049983
0.9074626865671642 0.9990275480766786
0.9084577114427861 0.9990453741504886
0.909452736318408 0.9990625558107787
0.9104477611940298 0.9990797326913337
0.9114427860696518 0.9990938597390244
0.9124378109452737 0.9991054922988951
0.9134328358208955 0.9991166768552597
0.9144278606965174 0.9991278614116242
0.9154228855721394 0.9991390459679889
0.9164179104477612 0.9991502305243535
0.9174129353233831 0.999161415080718
0.918407960199005 0.9991725996370826
0.9194029850746268 0.9991837841934471
0.9203980099502488 0.9991949687498117
0.9213930348258706 0.9992061533061762
0.9223880597014925 0.9992173378625409
0.9233830845771144 0.9992285224189055
0.9243781094527364 0.99923970697527
0.9253731343283582 0.9992508915316346
0.9263681592039801 0.9992620760879991
0.9273631840796019 0.9992732606443637
0.9283582089552239 0.9992844452007283
0.9293532338308458 0.9992956297570929
0.9303482587064676 0.9993068143134575
0.9313432835820895 0.999317998869822
0.9323383084577115 0.9993291834261866
0.9333333333333333 0.9993403679825511
0.9343283582089552 0.9993515525389157
0.9353233830845771 0.9993627179219379
0.936318407960199 0.9993738768719096
0.9373134328358209 0.9993850351974753
0.9383084577114428 0.9993961910799534
0.9393034825870646 0.9994073344641995
0.9402985074626866 0.9994184768933839
0.9412935323383085 0.9994296164063812
0.9422885572139303 0.9994407554274227
0.9432835820895522 0.9994518845811218
0.9442786069651742 0.9994630123676898
0.945273631840796 0.9994741380989384
0.9462686567164179 0.9994852629797897
0.9472636815920398 0.9994963868876441
0.9482587064676616 0.9995075077812513
0.9492537313432836 0.9995186235278497
0.9502487562189055 0.9995297355489989
0.9512437810945273 0.9995408470859741
0.9522388059701492 0.9995519548237354
0.9532338308457712 0.9995630577089339
0.954228855721393 0.9995741604689159
0.9552238805970149 0.9995852520501721
0.9562189054726368 0.999596320899911
0.9572139303482587 0.9996073883151184
0.9582089552238806 0.9996184510454038
0.9592039800995025 0.999629507439841
0.9601990049751243 0.9996405542121135
0.9611940298507463 0.9996515962874584
0.9621890547263682 0.9996626247359478
0.96318407960199 0.999673649961987
0.9641791044776119 0.9996846707817311
0.9651741293532339 0.999695689337472
0.9661691542288557 0.999706689546454
0.9671641791044776 0.9997176882000411
0.9681592039800995 0.9997286859836143
0.9691542288557214 0.9997396556933046
0.9701492537313433 0.9997505835181006
0.9711442786069652 0.99976149567034
0.972139303482587 0.9997724044493608
0.9731343283582089 0.9997832962421466
0.9741293532338309 0.9997941819573009
0.9751243781094527 0.9998050507907598
0.9761194029850746 0.9998158927902703
0.9771144278606965 0.9998266915296352
0.9781094527363184 0.9998374345429833
0.9791044776119403 0.9998481126176737
0.9800995024875622 0.9998587613855691
0.981094527363184 0.9998693696698976
0.982089552238806 0.9998797903395676
0.9830845771144279 0.9998901209802387
0.9840796019900497 0.999900435402927
0.9850746268656716 0.9999107173633388
0.9860696517412936 0.9999209459433229
0.9870646766169154 0.9999306131674195
0.9880597014925373 0.9999396095410495
0.9890547263681592 0.9999484605927149
0.9900497512437811 0.9999567015990343
0.991044776119403 0.9999648718478029
0.9920398009950249 0.9999729629290468
0.9930348258706467 0.9999808739802475
0.9940298507462687 0.9999886450403758
0.9950248756218906 0.9999959632254747
0.9960199004975124 1.0
0.9970149253731343 1.0
0.9980099502487563 1.0
0.9990049751243781 1.0
1.0 1.0
