1,2
9,11
39,40
45,46
25,26
55,56
41,42
28,29
57,58
59,60
7,8
18,19,20
14,15
30,31
32,33
51,52
34,35
16,17
49,50
44,45
36,37
3,4
12,13
53,54
47,48
9,10
15,43
16,61
36,38
21,22
22,27
5,6
23,24
67,68
7,66
29,76
74,75
37,70
67,69
64,65
7,37
40,71
62,63
72,73
44,45,46
58,78
77,78
78,79
82,83
80,81
3,7
10,11
28,85
29,86
57,84
14,15,43
87,88
89,90
25,93
26,71
40,93
91,92
68,96
9,10,11
52,95
3,94
39,40,71
42,85
66,97
51,52,95
98,99
25,71
29,61
76,101
7,97
60,100
41,101
102,103
39,40,109
29,33
12,106
104,105
107,108
39,71
39,93
25,26,93
110,111
112,113
33,101
39,40,93
41,42,85
51,95
61,114
26,39
57,77
115,116
32,61
28,76
32,85
70,117
49,118
76,86
41,91
119,120
48,97
123,124
26,39,93
28,29,86
32,33,61
33,61,114
117,121
101,121
48,114
125,126
49,60
71,93
94,117
47,97
82,122
85,114
85,107
42,129
3,66
102,131
7,8,37
7,8,76
32,121
48,121
117,130
17,116
37,47
37,92
117,127
3,127
28,86
80,128
3,97
76,107
28,92
41,92
11,133
85,108
58,132
8,47
37,114
114,116
40,109
16,65
65,115
3,37
97,108
85,129
7,66,76
8,42
8,76
64,115
89,134
11,61
85,92
3,85
29,94
8,115
122,135
4,65
65,94
72,99
94,129
3,76
11,37
41,85,92
41,85,91
136,137
25,26,71
25,26,109
66,92
29,115
8,61
32,114
13,104
66,85,92,108
41,85
3,42
8,61,94
138,139
14,43
64,116
64,101
32,117
7,76
85,86
85,101
136,140
136,141
3,42,47
32,33,114
17,48
61,94
21,27
2,22
39,143
85,86,101
85,101,107
25,71,93
25,40,93
66,108
42,47
140,142
137,142
32,33,115
26,109
93,109
3,47
81,103
147,148
25,143
48,66
144,145
67,146
32,115
80,81,103
101,107
48,92
22,149
66,85
48,85
75,151
102,103,131
145,150
10,37
92,101
22,103
48,108
2,151
2,103
66,85,129
36,85
25,152
55,88
8,94
28,101
40,154
27,75
103,153
103,152
71,152
27,149
2,71
2,131
2,152
66,85,108
21,155
21,109
17,92,107
152,154
92,129
2,27
66,85,92
28,85,101
21,25
66,92,108
27,74
10,133
103,141
22,141
80,103
21,71
68,157
158,159
51,158
51,160
151,152
131,149
27,74,149
139,161
96,156
37,133
140,145
71,80,81
156,157
71,107
95,158
9,25,71
51,131
8,141
78,163
159,165
70,133
69,164
119,165
96,162
145,166
27,40
75,149
129,143
102,107
107,149
68,156
69,158
27,158
8,85
9,25
69,131
103,131
74,149
140,166
146,168
71,80,167
27,80
9,75
21,153
11,172
126,170
170,171
8,66
8,36
74,102
40,74
165,169
72,126
103,107
71,167
170,174
170,173
72,170
8,48
74,75,149
175,176
126,174
126,177
93,107
1,143
54,180
178,179
11,70
53,170
8,66,108
181,182
49,59,60
8,48,108
74,75,169
60,185
118,185
57,78
57,77,84
52,93
54,126
126,180
183,184
49,59
8,108
74,169
176,186
178,182
73,187
98,125
107,126
54,75
75,169
60,73
62,98
23,162
73,177
44,46
160,190
73,170
151,169
181,186
59,118
139,191
31,176
57,176
30,57
78,178
78,175
63,187
178,192
126,188
152,169
184,189
63,177
77,193
59,60,195
57,161
57,175
99,194
49,75
84,178
84,161
84,138
118,126
9,60
60,196
89,197
89,106
59,202
199,200
195,201
138,198
126,177,188
9,99
30,178
53,75
186,198
72,169
113,134
30,181
30,193
207,208
176,178,206
189,205
67,109
60,99
203,204
60,177
184,196
132,210
90,134
176,178,209
163,175
211,212
75,109
49,202
178,206
77,186
163,186
11,70,133
90,197
46,112
46,134
213,215
160,202
18,20
159,202
12,13,106
218,219
141,172
4,48
216,217
213,214
61,92
89,216
106,197
60,181
4,8,108
178,206,209
61,78,79
10,70
106,216
219,224
203,223
184,202
220,221
88,110
75,190
6,222
83,124
112,134
106,134
159,199
184,199,202
112,226
12,112
49,205
141,205
104,106
35,227
44,228
23,126,177
23,107,126
5,105
216,229
23,177,188
43,123
43,225
61,79
118,162
218,224
56,122
89,112
11,235
134,197
4,85
181,233
58,163
58,176
206,209
178,209
16,78
172,205
147,200
227,234
43,232
83,232
190,202
5,104,230
6,230
6,13
67,231
6,229
56,82
43,56
6,89
82,241
6,197
20,46
179,181
239,240
159,199,202
139,221
83,236
176,178
6,90
159,202,205
184,202,205
40,167
75,231
87,237
88,237
107,238
5,222
6,89,112
11,122
46,211
132,181
58,77
31,176,209
246,247
57,163,175
90,216
159,205
184,205
35,244
172,202
104,230
34,227
43,82
82,225
82,245
9,243
231,242
210,221
236,241
31,178,209
57,163
90,213
90,112
225,232
122,133
77,135
141,202
13,230
227,248
217,226
82,123
148,244
58,163,186
104,249
176,209
199,205
82,111
31,178
202,205
227,250
45,105
99,162
5,216
132,178
169,195
147,244
55,163
55,107
98,193
19,249
31,176,178
6,112
106,230
45,251
229,251
46,212
75,160
31,209
31,176,206
236,252
9,20
78,211
14,15,135
227,253
141,202,205
45,229,243
43,213
6,113
55,129
18,249
207,254
78,191
18,19
15,135
45,229
229,243
227,255
177,188
21,169
58,132,186
78,79,221
14,135
250,256
18,224
99,195
78,220
227,257
30,98
58,132,163
84,258
84,161,191
30,84,161
4,107
79,220
36,107
2,195
2,3
20,224
118,194
4,108
13,259
134,218
36,55
78,181
30,58
58,209
31,78
78,161
202,258
65,108
138,179
3,195
79,221
118,260
98,184
89,211
175,181,206
57,175,181
176,181
58,193
239,261
78,161,179
84,175
141,258
65,182
30,84,191
30,163
161,178
181,221
58,84,191
58,221
57,58,84
163,176
78,221
141,205,258
84,163
132,220
179,192
12,230
13,262
30,161
161,191
186,191
12,197
84,206
77,163
98,177
134,211
181,192
78,132
259,262
227,263
159,184,199
3,101
118,227
36,101
2,143
143,155
75,248
184,248
13,134
106,218
172,202,205
159,184
122,235
28,85,92
72,201
72,256
2,155
3,42,101
141,172,202
148,184
143,156
25,155
205,258
25,153
15,264
141,202,258
49,177
179,186
2,21
122,184
21,49
148,255
9,265
21,50
60,98
67,199
153,155
49,72
92,107
8,107
200,227
15,266
135,264
206,221
135,266
147,172
135,267
177,196
10,70,133
94,127
21,177
245,264
126,196
8,65
72,177
11,122,235
199,244
188,196
72,196
179,209
10,37,133
3,28,101
55,246
28,42
205,264
88,246
141,258,265
9,133
72,188
100,174
141,265
172,265
28,129
172,202,265
141,202,265
268,269
55,245
93,270
245,246
4,127
21,271
135,245
268,272
268,273
202,205,258,265
141,205,258,265
95,168
7,85
202,205,258
7,107
258,265
205,265
76,85
22,274
69,168
3,76,101
7,8,107
75,275
21,80
51,275
205,258,265
28,76,85
7,28,85
160,168
3,42,76
81,155
269,276
21,81
268,276
245,277
2,271
22,187,274
80,271
22,73
95,158,168
69,95
22,187
53,75,275
126,170,174
73,126,170
2,22,155
2,21,22
42,76
21,22,155
90,259
122,245
22,155
100,126
268,269,276
158,168
3,8
52,270
202,265
38,94
202,205,265
3,48,92
22,271
27,54
109,180
137,273
122,266
137,278
54,67
180,231
27,180
136,278
144,278
73,196
73,170,196
36,76
52,93,270
56,135
55,56,135
49,256
51,119
55,135
51,270
182,186
7,76,94
27,231
69,95,158
141,205,265
72,95,158
76,94
85,94
135,246
72,80
1,2,22
170,188
55,135,246
144,273
273,278
73,188
1,279
72,81
72,279
1,2,279
72,80,81
155,271
73,170,188
141,172,265
137,144
172,202,205,265
136,144
27,109
141,172,202,265
52,158,270
137,273,278
14,267
36,94
1,271
95,270
52,95,270
22,27,155
176,182
137,272
73,171,188
21,22,27
144,272
21,22,27,155
52,93,95,270
171,188
73,170,171,188
136,137,278
21,27,155
42,107
73,171
3,107
1,2,271
75,125
27,155
93,95
8,92
73,98,99
73,98,171
170,171,188
8,48,92
73,99
73,98
73,170,171
237,238
76,92
55,237
22,26
170,185
136,281
74,171
137,280
202,258,265
149,171
7,76,92
7,85,92
184,199
227,282
171,184
7,92
208,255
275,283
203,208
49,170
170,183
83,122
128,271
97,184
119,275
120,275
170,188,189
24,283
93,120
82,284
21,128,271
62,75
37,85
47,85
170,189
8,97
21,74
122,284
171,183
188,189
22,128
203,215
136,137,281
83,135
21,128
2,128
7,42
171,184,199
278,281
135,284
267,284
24,119,275
142,257
37,70,83
56,135,284
64,237
148,203
171,199
147,285
82,135
137,281
73,144
115,237
128,153
28,116
24,275
70,127
133,281
183,188
28,237
172,202,205,258
98,205
37,127
64,83
237,286
82,266
17,36
202,287
141,287
38,48
38,97
148,215
55,83
73,142
17,38
177,188,189
82,237
102,155
50,187
103,125
237,245
3,38
49,263
125,131
83,266
109,231
203,263
273,285
47,107
34,208
64,67
3,92
148,282
119,120,275
75,131
199,227
36,265
17,108
171,227
76,108
92,108
73,160,170
49,187
73,160,196
74,128
17,177
76,92,107
21,102
73,160
264,266
49,50,187
49,50,203
184,227
152,288
65,131
37,70,127
49,203
115,152
264,284
83,135,245
203,208,263
73,170,177
176,221
67,100
84,176
214,263
1,128
174,188
73,177,196
170,177
125,174
17,82
168,169
178,186
174,189
55,92
31,179
72,80,152
183,227
82,92
82,108
174,183
22,72
55,108
58,178
56,135,245
79,132
79,210
58,206
58,84
111,246
67,159
110,135
17,98
149,152
17,55,92
55,98
163,181
178,181,182
58,92
125,199
175,176,179
119,283
49,214
132,179
92,179
81,149
148,204
55,60
17,55
173,184
57,84,220
80,111
17,31
77,78,163
17,92
17,220
84,220,221
77,178
174,184
124,181
58,98
78,289
57,84,221
57,186
17,175
56,83
79,84
220,237
77,237
174,184,188
100,174,184
175,209
79,289
57,220
78,79,84
31,132
30,220
93,163
82,186
79,161
82,122,186
82,163,186
182,209
60,160
17,108,176,178
108,178,209
191,220
99,191
93,184
60,170
150,290
272,285
175,186
6,18
17,79
161,220
171,220
192,245
98,99,174
60,73,196
108,178
79,122
100,184
270,275
106,150
57,78,175
84,220
103,259
98,174
55,87,246
131,199,227
104,112
17,84,220
34,49
45,222
17,139
34,253
67,73
103,167
22,167
25,167
60,67
228,230
7,76,107
171,173
99,188
17,138,262
70,127,175
207,212
199,256
17,139,198
125,256
184,256
18,262
17,18
17,138,198
138,198,262
291,292
99,174
108,206
171,174
153,167
214,257
184,188
150,217
109,167
98,173
98,99,125
17,18,262
17,138,139
150,207
112,216
17,139,222
17,138
105,281
150,293
112,285
214,248
17,231
75,294
229,295
17,222
67,190
19,104
17,262
18,139
5,104
241,286
16,214
236,286
138,139,198
17,138,139,198
175,222
168,212
17,286
222,236
18,222
99,173
184,214
245,267
222,262
139,222
17,236
138,262
138,222
139,241
62,125
139,198
198,236
18,45
198,236,241
198,236,286
139,198,241
45,139
17,198
213,234,296
208,296
149,294
213,296
7,47
7,42,47
3,7,42,47
39,214
244,297
24,51
248,296
49,296
198,222
18,259
45,259
147,263
24,119
208,213
213,234
37,148
62,75,125
7,85,101
7,76,85
13,45
7,28,76
120,270
28,107
7,28
76,85,94
7,85,94
264,267
208,234
53,125
40,214
109,155
21,22,109
21,27,109
22,27,109
58,175
87,246
21,109,155
55,87
234,296
214,294
67,196
87,286
87,236
36,78
26,155
22,27,72,155
22,71
21,27,72
26,72
51,283
72,155
51,120
191,210
44,134
152,294
21,72
17,237
88,286
222,259
55,87,286
55,236
87,88,286
55,87,88,286
55,88,286
58,220
95,120
83,186
83,163
56,83,124
14,56
211,226
211,224
224,226
36,38,210
85,221
55,87,232
87,232,286
56,124
55,232,286
32,211
124,135
232,264
53,62
67,201
139,259
251,259
32,161,191
16,232
36,207,254
166,251
35,251
207,251
112,218,251
35,213
71,155
112,218
68,164
243,251
92,107,179
140,243
66,88
155,283
24,155,283
22,93
24,155
145,251
107,179
135,232
216,218
140,251
219,226
22,109
72,167
75,202
88,108,176,178
108,176,178
88,178
72,155,167
22,72,155
71,155,167
263,265
55,286
21,155,167
88,108
248,257
21,167
58,79
59,188
112,298
26,167
58,210
120,158
218,219,224
101,179
218,226
88,108,178
158,270
6,112,298
76,179
14,124,175
6,216,298
108,178,206
124,175
88,176,178
14,175
6,112,216
98,126
21,22,167
166,268,269
145,268,269
6,216
83,124,175
51,59
59,260
49,207
20,219
145,166,268,269
26,153,167
145,268,276
71,153,167
23,176
108,176
88,176
20,218,219
83,175
6,298
99,126
75,178
71,153
14,124
20,218,219,226
20,218,219,224
14,83,175
71,72,153,167
22,153
218,219,226
26,153
72,153,167
71,72,167
27,154
219,224,226
20,218
52,159
112,216,298
91,178
27,153
108,186
14,83,124,175
133,226
49,180
55,247
108,176,206
145,166,268,269,276
155,167
108,176,178,206
6,112,226
145,166,268,276
180,187
6,226,298
145,269
145,268
45,262
91,101
183,294
6,112,216,298
213,223
166,269,292
21,22,71
71,109
145,166,292
17,86
124,186
66,76
165,194
229,266
7,94
120,283
165,226
66,179
202,269
91,179
194,274
71,109,167
265,268
166,269
166,292
268,292
50,184
75,226
180,184
134,229
120,165
145,166,202,269
26,75
138,259
84,198
267,277
134,230
75,155
176,206
76,86,101
186,267
66,94
207,296
173,174
126,174,194
265,268,276
172,287
86,101
171,180
71,72
84,267
174,194
126,194
84,256
77,266
234,294
141,172,287
17,299
17,235
49,184
268,276,292
287,292
141,280
171,180,184
268,280
27,72
165,275
17,300
60,159
96,165
141,172,265,287
166,202,269
98,126,174
141,299
40,72,167
226,262
76,91
87,261
268,276,280
11,280
39,72
22,39
256,296
122,289
84,139,198
13,18
18,222,259
77,122
276,280
288,300
96,275
96,283
112,219
18,222,262
96,120
141,265,287
216,230
6,203
75,167
36,72
166,288
172,288
215,248
29,32,94
84,139
18,45,262
219,298
172,265,287
54,231
77,79
161,198
6,218
287,288
11,276
160,268
59,171
300,301
156,159
6,219
141,172,265,301
49,174
4,94
235,292
47,94
3,32,107
3,32,38
60,243
3,28
51,169
159,288
288,301
112,134,218
29,32
144,258
59,171,188
59,171,184
159,269
145,166,269
4,47,94
3,4,94
32,36
214,227
73,203
68,146
288,299
134,219
29,32,86
258,299
51,165
114,117
265,287
67,269
166,287
125,195
218,298
145,280
229,230
235,268
235,280
214,255
75,153
72,87
184,231
189,274
89,230
258,288,299
202,258,288
11,67
170,196
144,235,292
59,184
142,268
95,96
185,189
185,274
107,176
20,226
212,229
18,156
73,232
265,280
166,172
53,187
49,100
21,93
28,32
50,60
12,229
60,72
107,178
178,196
89,229
12,134,229
268,300
107,108,176
6,112,218
205,299
52,250
140,265
145,276
28,32,86
28,86,101
141,301
203,227
107,108,178
100,177
62,174
280,287
11,235,292
197,259
75,151,155
142,144
50,59,184
59,73
141,142
108,176,250
78,84
205,301
235,269
51,96
49,73
99,196
28,32,101
104,211
72,98
140,301
134,243
151,155
144,300
93,155
49,201
51,52,159
112,218,219
26,71,75
211,298
99,180
60,100,174
60,174,184
103,271
177,180
124,232
157,275
11,145
134,212,229
49,73,170
29,86,101
144,269
22,131,271
142,287
205,268
3,121
248,282
140,145,166
248,250
3,4,47
60,99,174
108,302
72,100
27,81
73,174
89,134,230
136,172
25,103
29,32,101
128,131
80,131
131,155
60,98,173
247,286
205,280
18,217
36,121
105,224
107,108,206
80,102,103
75,154
60,62,98
81,102,103
108,191,302
107,108,302
11,285
11,292
8,48,85
28,29,32
175,181
207,256
196,201
14,83
6,112,219
250,282
278,292
4,47
137,292
67,157
60,126
1,75
1,154
1,81
1,27
206,302
77,221
211,228
103,128
108,178,191
163,221
107,108,191
119,158
170,274
134,212
278,285
6,112,218,219
36,38,121
265,278
265,303
35,263
172,273
84,108
84,302
34,263
141,273,287
32,101
22,80
72,73,188
107,302
197,222
35,249
84,108,176
111,237
20,104
119,159
285,291
228,298
13,250
13,214
82,105
104,226
188,304
81,128
132,302
108,179
98,100
26,74
23,283
273,285,301
34,35,263
118,184
107,191
26,131
131,153
106,217
13,35
84,186
36,108
2,75
6,89,218
22,131
128,155
220,289
208,254
18,112
273,301
208,294
136,305
194,196
18,219
146,190
13,108
126,171
73,126
12,243
285,300
110,236
18,112,218
18,229
35,281
72,126,171
141,305
63,195
104,224
71,149
301,305
222,306
55,122,135
141,142,287
111,237,247
111,286
20,262
106,259
238,252
281,282
135,238
251,298
72,73,126
227,281
5,227
60,188
299,305
6,112,134
239,245
142,303
111,135
6,18,112
6,18,219
145,278
135,237
250,255
72,73,171
22,75
258,288
6,134,218
239,277
18,112,219
6,18,218
35,203
44,218
243,295
63,98
140,268
140,280
291,301
5,255
6,89,134,230
150,172
18,218,219
172,281
268,281
63,173
18,112,218,219
133,235
6,89,134
46,295
6,134,229
42,130
121,130
10,150
63,99
19,89
42,121,130
219,249
112,212
145,172
219,229
28,91
3,48
5,134
29,32,115
72,174
123,284
196,274
132,221
238,261
5,113
205,305
63,72
19,134
62,195
134,249
245,267,277
63,98,173
19,229
34,203
44,229
89,249
110,241
46,249
43,83
12,89
12,46
12,134
19,212
2,279
93,271
89,212
178,198
27,152
136,292
131,167
60,62
46,89
2,75,279
46,229
67,275
10,293
75,93
10,172
75,271
89,134,249
268,299
19,89,134,249
212,249
146,160
186,209
75,152
86,92
67,68,96
12,218
51,95,270
12,219
83,284
36,115
113,216
141,292
218,243
175,192
218,229
218,229,243
145,281
215,223
77,78,79
18,113
173,188
32,86
57,302
86,115
29,86,115
219,243
29,85
95,159
28,32,85
65,114
4,8
28,29,85
114,127
37,65
37,65,70,114
33,117
61,65
61,70
61,64
70,114,127
51,52,270
38,121
61,64,65,114
61,65,114
64,114
17,127
7,108
16,17,65
7,66,107
7,66,76,108
16,17,70,127
25,102
7,66,108
66,76,108
16,70,127
17,65
16,17,127
66,107
61,64,114
17,61
65,117
7,76,108
161,206
65,116
102,167
72,73,174
258,285
65,116,117
16,127
116,117
145,292
28,115
28,32,85,115
85,101,115
29,101
273,300
8,47,48
292,301
287,303
58,78,79
8,38
142,172
41,94
28,32,115
91,115
38,85
8,42,47,91
29,92
258,273
265,292
3,36
202,288
47,66
175,181,192
141,142,172
278,301
133,291
16,17,117
138,161
291,307
303,305
205,288
280,288
144,205
61,114,116,117
265,307
235,291
235,293
287,307
205,288,299
10,11,133
37,66
142,172,273
142,291
150,281
14,232
159,270
205,280,299
141,172,305
172,273,305
273,292
290,293
136,299
136,280
144,299
144,202
280,300
141,142,269
41,76
140,202,288
142,269
183,185
145,166,285
166,205
205,258,280
272,301
97,129
280,305
288,301,305
272,288
142,166
141,172,205
7,70
10,265
269,287
140,202
202,281
299,301,305
268,287
107,129
280,301
269,288,299
42,48
33,65
145,269,299
76,129
287,300
61,114,116
100,118
144,305
64,114,116
64,117
133,300
140,265,290
133,136
140,290
133,290
10,281
136,205
202,291
268,290
142,281
166,285
218,219,229
272,305
136,272,305
172,303
272,280
272,278
278,280
61,116
202,300
145,287
142,145,269,287
291,300
142,205,269,287
145,205,269,287
272,280,305
142,205,287
145,205
142,205
292,300
205,287
269,303
280,303
202,292,300
202,292
141,303
49,59,118
44,243
144,301
51,159
59,118,184
11,136
172,235
203,255
143,154
44,212
202,291,300
41,97
136,235
205,235
128,279
235,305
17,117
51,52,119,159
199,294
18,134
2,102
2,80
75,279
1,80
1,155
81,102
39,131
103,155
51,52,95,270
21,40
75,81
21,152
71,75
71,81,153
152,167
71,81
71,103
266,284
75,102
25,75
21,131
75,102,151
75,102,155
61,65,116
80,167
75,149,155
75,103
71,128,167
152,155
102,152
22,154
1,152
21,154
291,303
160,169
136,141,287
202,235
44,89
235,265
80,102
89,134,229
171,304
212,219
16,117
33,64
136,272
17,33
65,114,116
136,301
61,117
12,249
61,114,117
97,107
59,195
11,205
11,268
36,130
28,92,101
36,92,101
91,130
36,91
136,144,305
4,29
38,130
4,86
8,101
218,219,243
144,276
144,280
203,250
175,178
4,42
8,29
77,163,181
77,175,181
8,28
77,176
175,191
17,33,117
91,92,130
11,202
11,300
49,50,59
8,76,94
4,121
94,114
76,94,107
72,171
163,179
28,37,85
61,85
28,85,107
29,127
58,84,220
58,161
72,173
175,176,186
57,84,302
37,121
117,121,130
107,121
171,177
91,116
73,274
55,82,246
58,191
58,161,220
57,58,161
72,73,173
87,247
111,247
78,179
135,302
84,191
4,248
127,186
77,108
107,248
179,302
16,116
101,210
55,87,246,286
55,117
176,302
33,116
101,138
61,127
86,94
77,108,178
28,41,76
39,75
76,85,91
32,209
180,185
72,194
33,114
16,121
17,121
94,121
65,127
41,76,91
43,277
60,174
59,170
176,209,302
127,175
33,114,116
108,178,286
87,246,286
4,206
61,171
51,60,177
118,174
32,58
59,126
59,72
192,233
77,127,163
60,184
287,305
123,277
168,275
28,41,76,85
28,76,85,91
29,66
58,77,163
185,187
31,176,302
60,70
33,65,116
32,114,115
115,202
32,116
60,128
169,275
164,275
158,275
28,41,76,85,91
58,77,127,163
266,289
51,247
31,302
37,60,70
33,64,65,115
114,117,130
108,114
67,96
94,132
183,189
67,158
58,127,163
58,245
31,239
256,294
37,178
88,122
51,68
85,91
72,100,170
31,239,302
122,239
51,201
52,67
252,266
77,163,245
132,161
60,174,195
75,122
119,164
181,206
52,184
77,127,163,245
92,179,206
47,48,97
248,297
222,226
82,277
178,302
95,275
58,77,127,163,245
142,144,287
88,122,239
239,302
207,234
207,248
207,250
4,48,97
122,171
88,240
101,210,221
55,246,286
58,163,245
144,287
35,203,207
34,207
255,256
35,203,294
37,56,135
4,97
164,168
227,294
104,186
268,305
58,77,163,245
199,308
164,194
35,256
34,256
37,70,135
34,250
101,221
61,169
95,158,275
136,268
207,294
72,126,173
60,184,196,201
83,277
13,222
147,297
28,41,85
170,184
28,29,76
29,76,91
296,297
223,296
184,201
238,247
37,56,70,135
252,277
108,126
32,51
10,217
68,168,169
43,124
101,210,220
100,170
207,297
199,296
49,196
84,132,161
37,56
13,222,262
103,143
68,169
158,169
28,29,76,85
147,207
147,296
147,254
37,84
101,220
186,277
163,245
108,126,170
28,29,41,76
142,287,305
45,298
49,60,118
100,108,126
222,226,262
107,126,170
37,161
71,102
213,294
107,170
136,280,305
4,66
181,309
107,173
222,226,259
101,220,221
87,94
28,76,92
72,102
276,280,305
28,29,76,85,92
207,215
100,107,170
58,70
88,239
60,201
90,106
49,168
56,87,286
86,261
196,260
276,305
49,158,168
76,85,92
29,76,85
223,256
38,233
269,305
135,191
87,225,286
13,222,259
100,107
142,268,305
142,280
84,132,191
37,191
4,117
45,222,259
28,41,76,92
136,142,305
136,142,144
36,233
135,161
4,117,130
84,132,161,191
97,117
208,294,296
84,135,161
79,101,220
49,158
37,58
294,296
199,215
179,181,233
122,252
116,127
100,107,126
43,108
244,294
148,208
210,220
55,277
142,305
33,94
17,115,121
16,17,115
252,267
227,310
246,266
87,266
109,271
13,104,222
132,161,191
186,245
55,87,225,286
28,29,92
178,209,302
254,296
244,296
135,225
84,132
37,77
122,186
108,124,232
161,181
8,37,70
8,37,127
247,266
77,84,191
225,286
13,104,259
108,264
122,163
55,135,225
77,181
58,84,163
58,77,191
71,131
74,167
57,132
175,179
282,311
135,225,286
226,259
104,259
227,311
149,152,167
14,124,232
108,124
2,222
100,126,170
107,108,247
135,286
45,271
13,226
61,115
149,167
85,91,101
25,149
71,103,131
135,239
126,173
200,310
203,310
87,135,286
61,65,115
49,158,168,187
41,85,101
42,97
178,181
223,234
94,130
41,92,101
191,302
29,36
64,65,115
101,117
36,117
135,247
108,247
61,121
76,117
122,277
215,296
61,114,121
36,114
140,305
215,294
55,87,225
56,247
76,121
56,225
107,246
215,256
7,37,66
56,225,286
82,245,277
83,286
83,107
55,56,286
70,114
87,247,286
26,152
87,225
87,236,241
246,286
85,107,108
82,111,135
135,252
107,108,121
107,114
170,195
55,111,135
25,279
254,294
126,195
264,312
232,312
87,88,246
29,37
144,303
203,204,227
16,17,61
149,151
11,287
172,272
32,38
204,227
62,183
11,141,205
205,292
46,89,249
16,61,121
33,76
86,127
11,142
11,287,292
18,46
12,112,113
5,243
114,121
12,113
11,141
16,115
12,112,243
113,243
18,216
18,218
142,292
12,18
141,287,292
221,289
28,117
136,303
58,132,221
288,315
42,179
142,313
19,90
114,149
102,279
22,279
60,125
51,314
17,101
230,298
229,259
94,101
100,195
53,231
72,274
9,316
299,315
136,166
166,278
37,38
126,317
94,108
11,316
279,318
16,61,114
243,298
161,179
63,100
105,249
176,233
9,280
268,276,305
269,316
172,268,281
64,107
141,287,301
227,296
81,279
103,149
29,76,101
142,307
103,318
155,318
208,227
6,217
70,94
29,114
102,318
5,13
162,319
105,216
29,61,86
238,286
63,184
62,100
1,318
145,290
248,294
243,259
163,309
37,94
61,86
77,192
224,259
141,313
63,173,184
5,217
268,288
189,195
20,106
20,243
6,226
166,272
6,105
9,268
215,311
184,317
281,305
204,294
187,231
91,107
183,274
105,217
5,262
252,264
83,225
100,189,195
11,293
49,62
60,125,126
69,275
17,29
63,189
18,243
179,191
172,290
24,156
265,287,292
200,294
18,44
19,243
2,318
90,243
127,130
224,243
31,193
16,86
136,145
272,287
217,262
6,262
256,310
14,123
202,301
87,111
105,243
59,100
49,195
24,319
59,173
73,185
18,106
52,120
166,202
202,291,292
171,274
157,169
51,157
11,144
173,195
145,166,202
202,268
202,276
177,184
72,184
29,41
10,144
274,320
148,296
11,235,293
59,174
49,173
73,173
88,247
141,285
9,166
172,268,305
172,287,316
49,164
10,235
9,293
60,195
172,207,287
150,235
173,270
169,173
24,173
18,298
172,316
177,188,202
105,226
113,226
227,297
9,287
60,63
238,246
208,297
281,294
262,306
113,249
18,20,298
285,301
82,252
172,293
105,298
177,292
203,287
98,195
113,217,243
113,262
146,170
243,249
112,249
20,298
5,112
255,282
141,172,293
229,262
113,229
217,243
251,297
15,124
60,275
150,207,293
142,255
285,297
112,216,217
45,212
49,69
147,166
262,298
145,147
147,251
60,183
255,287
268,319
53,63
63,275
53,275
172,207
150,217,293
268,296
119,173
100,194
104,285
112,297
205,269
44,219
269,293
145,147,166
188,202
145,243
145,297
141,255
105,297
104,251
255,272
162,177
265,288
269,288
180,275
231,275
247,296
20,262,298
145,285
258,269
205,290
248,253
269,315
177,188,292
60,119
184,268
63,180
54,275
11,239
73,170,173
35,144
249,298
20,249
199,207
150,285
172,205,299
43,310
141,172,299
259,298
235,261
217,290
29,36,61,114
60,131
154,155
207,227
150,298
145,251,285
223,263
104,202,293
4,47,48
105,293
43,171
24,43
2,149
8,70
111,245
256,315
256,269
141,172,205,265
70,121
45,166
202,293
45,145
60,120
104,293
87,277
169,313
118,196
68,171
85,97
17,42,47
218,249
111,245,277
21,318
22,318
24,252
104,105,293
162,177,188
22,149,152
154,321
2,321
150,218
5,252
47,114
16,64
202,268,276
38,127
237,245,277
149,152,154
48,76
5,167
62,119
56,243
22,25
42,61
71,173
49,95
111,237,277
172,205,265
202,268,293
37,108
145,218
5,113,216
82,167
71,128
128,154
60,62,183
104,268
119,183
21,149
22,102
73,173,196
49,95,187
106,313
37,107
167,216
5,43
43,118
104,268,276
104,268,293
154,156
126,142
178,191,209
223,253
126,318
18,259,262
83,121
17,36,127
4,36
145,305
292,305
21,71,81,128
178,179,191
148,287
124,266
26,151
17,29,127
73,171,173
173,196
167,252
113,252
21,22,49,128
255,257
93,218
22,81,128
9,72
51,60
71,81,102
42,47,85
8,42,97
181,220
36,181
126,155
199,207,256
199,256,296
263,296
51,73,171,173
21,95
111,277
71,81,194
72,81,194
200,263
103,252
64,65,114
272,292
101,127
237,277
149,152,169
29,148
49,148
170,177,188
29,111,277
29,82
131,194
199,207,256,296
21,22,95
172,265,281
37,76,108
76,94,108
113,167,216
101,161
102,128
60,103
36,191
141,144
51,73,173
22,173
226,285
71,194
21,69
37,94,108
86,312
126,178
103,183
63,180,275
27,275
29,237
207,223
22,51,173
22,73,173
13,18,262
4,76
179,220
13,218
171,321
36,179
149,169
22,73,196
56,124,135
141,144,205
51,173
22,173,196
199,208
208,256
13,18,259
269,272
118,217
71,72,81
36,181,220
29,237,277
64,65,116
104,276,293
102,217
51,196
2,171
13,306
29,111,252,277
29,111,237
20,259
162,188
102,113
268,293
51,73,196
21,243
22,51
2,22,321
29,252,277
155,261
13,18,20
90,313
71,72,81,194
172,292
1,22,171
41,179
272,281
36,167
1,2,321
9,11,112
95,173
117,290
1,22,171,321
5,36
1,2,22,171
23,275
141,144,265
95,149,152
13,20
96,196
21,96
172,272,281
229,298
1,2,171
196,275
106,249
111,252,277
45,159
9,112
97,114
172,202,281
13,226,298
202,322
28,225
42,85,97
126,170,173
136,202
229,249
173,177
52,103
13,18,298
146,154
65,225
76,97
149,189
73,187,196
119,314
123,220
9,235
1,171
22,171
149,152,189
88,261
118,275
4,42,85
29,277
111,252
318,321
229,295,298
220,312
145,272,281
28,127
48,127
45,93
28,94
94,225
1,22
5,229
41,48,76
22,321
74,275
4,42,47,85
128,142
102,109
295,298
13,113
13,216
74,151
131,184
144,265
45,249
8,37
90,262
70,107
191,233
49,188
4,28
19,259
216,259
4,47,85
102,151
42,121
181,191
74,93
111,237,252
20,105
203,256
64,70
172,305
49,73,118
93,154
36,290
28,41,48,76
63,174
151,318
74,271
20,293
128,194
64,121
49,73,187
51,146
93,102
1,102,321
10,268
20,230
112,316
73,118,187
122,127
51,168
118,177
28,41,48
81,164
13,249
103,109
219,229,262
45,219
202,305
1,321
167,277
29,252
249,293
149,152,155
20,90
177,194
98,194
101,233
237,252
26,102,167
83,127
5,45
13,293
1,103
5,226
81,271
271,321
144,258,299
229,243,249
105,229,249
105,218,249
98,126,173
74,81
22,74
5,20
26,102
5,259
87,110
82,127
287,316
118,195
41,48
262,293
243,262
26,155,167
26,74,102
194,196,274
258,299,305
71,271
59,118,177
142,178,287
209,287
5,90
18,20,262
251,285
60,233
18,293
265,305
26,271
26,321
229,243,298
49,98
45,259,262
235,312
67,156
229,243,295
40,143
9,178
113,293
98,170,177
55,94
4,42,47
59,177
20,217
18,20,105
1,26
166,268
36,64
178,287
217,293
202,269,288
85,121
181,233,287
1,22,155
118,183,185
18,20,113
258,268
116,121
36,127
99,126,174
1,71
38,101
211,251
28,41
305,322
15,56
55,107,286
239,252
237,239
155,321
150,258
9,176
20,104,105
18,20,104
112,235
219,293
15,56,135
107,108,286
4,37
98,99,126,174
126,184
216,262
54,177
101,116
41,48,101
60,118
60,260
15,87
36,116
224,293
87,267
131,321
218,219,249
49,185
171,185
235,258
64,127
235,276
226,290
73,188,196
171,231
258,291
258,301
258,272
64,65,121
293,298
108,127
243,293
36,42
18,90
118,125
64,94
4,36,37
7,127
117,178
28,48,76
11,166
39,155
29,65
66,127
150,280
5,18
64,86
4,38,108
217,226,290
28,108
29,64,121
29,64,86
128,323
21,22,27,323
112,216,262
29,121
29,64,65
151,167
142,235,287
21,323
22,323
13,112,259
64,108
28,48
29,65,121
1,131
216,249
22,27,323
216,243
134,259
134,216
167,323
57,178
28,121
219,243,259
26,128
94,179
48,94
28,179
1,2,131
4,47,85,108
42,47,85,108
29,64,86,121
27,109,323
106,243
211,219
249,251
249,313
90,211
13,112
18,112,113
86,121
219,259
9,172
218,259
41,48,94
47,85,108
20,226,249
109,323
20,104,217
106,112
218,219,259
145,293
1,167
229,251,295
21,22,128
288,293
131,318
226,249
21,22,323
106,226
13,219
4,47,108
42,47,108
5,112,216
17,36,65
16,17,64
104,217
16,29
28,65
45,216
134,251
121,179
134,249,259
42,108
20,249,259
8,41
41,48,85
5,112,259
179,233
113,259
41,107
5,216,259
112,230
5,113,259
13,18,112
106,211
13,226,262
20,216
6,134
18,105
176,179
105,106
249,262
6,104
18,104
178,179,181
11,299
13,104,226
169,190
74,154
161,176
263,294
209,233
178,220
141,287,313
253,294
178,233
58,77,178
77,161
139,178
161,175
138,181
58,309
138,233
205,285
79,163
175,309
138,309
31,175
22,152
163,192
72,195
53,54,231
72,99,174
272,273
146,169
205,291
215,234
62,126
131,279
9,281
82,312
7,48
102,323
63,126
88,245
136,273
63,98,99
142,278
145,273
100,183
157,159
16,61,65
42,127
7,130
48,117
41,91,92
65,130
92,97
64,65,130
4,92
41,114
47,48,61
4,92,97
48,61
47,70
47,61
48,70
8,61,70
8,48,70
24,162
48,101
4,101
47,48,92
28,61
11,305
152,323
120,146
24,146
87,236,241,286
55,241
62,173
15,238
102,131,167
71,323
14,312
123,135
135,261
4,130
93,321
141,273
81,323
236,261
141,272
38,61
11,172,281
142,285
142,273
265,285
278,290
177,187
73,183
124,312
25,102,103
49,171
293,299
11,172,293
49,171,177
102,153
150,265
45,211
15,43,94
268,315
249,295
112,295
63,125
235,281
276,299
273,305
130,264
49,72,177
49,189
43,94
157,287
268,276,299
120,159
103,232,312
125,189
80,125
235,313
71,81,128
72,128
44,224
78,192
20,45
112,293
105,134
134,293
9,313
9,142
43,245
45,224
72,81,128
40,163
9,134
142,299
49,302
280,315
31,309
13,229
218,293
266,277
13,18,229
60,80
216,306
78,184
216,288
78,138
12,60
9,226
11,60
184,265
15,277
99,201
99,183
18,198
98,99,201
98,183
98,317
183,195
132,163
66,249
98,107,317
98,107
59,99
107,108,126,177
107,108,177
76,201
188,317
51,67
7,36
177,317
94,107
127,163,186
17,184
221,309
159,198
127,163
159,262
66,101
78,221,309
99,177
11,196
186,302
163,302
196,314
173,196,314
126,177,317
42,101
177,188,317
51,173,196
163,186,302
127,302
127,186,302
127,163,302
173,314
127,163,186,302
78,309
25,131
92,130
22,169
13,18,259,262
17,184,198
53,196
196,235
17,138,184
21,22,25
99,126,177
177,320
159,259
52,119
138,184
51,93
13,259,262
98,320
126,159
36,38,116
174,177
177,185
59,177,188
25,323
82,83,186
82,127,186
82,302
73,267
83,127,163,186
93,314
73,74
83,163,186
82,163
82,127,302
83,127,186
83,127,302
201,267
82,127,186,302
83,302
73,320
264,277
82,83,163,186
82,83,127,186
82,83,127,163,186
73,201
155,279
123,264
73,100
82,186,302
83,186,302
184,320
54,73
54,185
232,264,312
232,241
73,180
82,163,277
163,186,277
126,170,317
93,249
232,236,241
152,249
232,236,312
236,264
73,189
232,241,264,312
224,249
166,323
232,241,312
232,236,264
236,241,312
232,236,241,264
98,170
180,292
232,236,241,312
177,231
127,186,277
87,171
163,277
189,320
232,236
73,100,177
55,108,286
236,312
100,125
125,177
98,99,126
277,302
241,312
107,286
73,184
85,286
85,87
110,264
171,196
107,317
107,177,317
236,241,264,312
126,170,177
42,92
110,284
92,127
236,241,264
85,194
194,323
95,305
73,125
47,92
73,184,196
174,196
110,232,236,264
127,277
238,267
188,260
82,186,277
73,317
83,100
37,126
23,169
14,124,127
232,241,264
173,317
73,194
237,284
56,277
124,127
18,246
18,55
241,264
275,314
95,144
205,323
14,277
14,127
194,260
110,123
321,323
56,127
100,188
73,260
63,156
14,124,135,175
14,124,127,135
236,284
237,264
56,163
123,241
241,264,284
18,87
14,124,135
124,127,135
124,127,175
304,323
209,302
98,258
171,258
302,324
167,271
29,184
83,186,277
124,127,135,175
14,258
18,72
132,324
82,163,186,277
55,72,246
55,72,87
29,220
181,266
258,292
18,286
18,72,246
18,72,87
179,238
179,261
36,48
11,306
110,236,241
55,72
110,236,264
176,178,302
80,120
27,167
56,186
123,312
241,266
29,58
90,104
205,258,292
266,312
127,135
161,220,221
22,40,71,167
108,178,302
37,88,239
132,176
31,178,302
179,240
161,221
14,124,127,175
123,267
145,166,304,323
78,108
261,266
40,71,167
56,82,277
22,71,167
145,323
22,40
110,232
135,277
146,179
92,94
47,108
80,108
232,267
239,267
78,170
239,266
186,194
88,266
130,135
15,83
47,80,108
82,88
43,186
56,261
56,239
135,292
47,72,80
82,261
36,87
240,261
282,310
47,80
162,275
223,275
124,325
200,207
203,207
127,292
9,141
80,107
56,267
203,207,208
232,277
82,232
232,245
130,178
141,316
207,263
15,312
266,267
47,237
213,248
43,264
43,135,267
47,80,111,237
13,259,306
47,80,111
232,325
15,43,135
43,267
96,200
213,257
47,111
43,135
15,135,312
73,80
82,171
247,277
247,261
151,223
234,256
88,252
47,80,237
146,275
215,283
234,283
88,232
261,277
148,297
47,167
148,263
124,277
259,306
112,273
47,71,167
263,297
148,306
148,159
148,199
247,264
95,158,164
56,135,247
35,146
147,263,297
147,243
13,107,108
107,138
25,128
13,108,259
107,306
52,314
198,199
108,259
71,263
51,52,314
263,323
107,259,306
108,262
9,269
257,263
9,141,316
35,297
35,147
138,148
4,7
35,148,297
132,309
35,148
104,218
147,148,297
66,316
31,116
4,31
219,273
144,145,166
66,163
66,161
28,221
226,229
101,309
57,127,175
116,176
57,127
36,161
278,305
78,101
38,161
58,186
48,130
149,321
36,66
58,132,309
36,139
176,178,209,302
176,179,209
66,112,316
66,139
176,178,179
76,204
18,296
17,66
17,91
101,163
17,66,112
101,163,221
9,106
152,321
79,101
79,108
41,181
159,254
208,263
41,316
66,112
207,208,256,263
203,208,256
203,215,256
208,215,256
78,107
101,316
208,215
215,263
28,66
108,163
303,310
215,234,256
215,257
9,112,316
94,127,186
254,255
4,66,130
31,116,178
116,176,178
66,130
116,176,302
199,204
215,255
215,254
131,200
131,227
139,159
20,90,104
9,113
131,200,227
113,316
76,130
28,32,130
28,130
116,178
9,112,113
144,166
28,115,130
116,178,302
115,130
116,302
226,243
31,116,176
28,32,61,115
204,256
61,130
32,61,115
28,61,115
11,112
28,32,61,130
204,208
39,269
9,235,316
9,11,316
269,273
150,305
18,300
166,218
235,316
144,150
31,116,178,302
31,176,178,302
163,205
218,305
77,127
31,116,302
9,112,235
17,199
144,273,305
299,300
11,113
77,175
33,61
203,204,256
77,127,163,175
78,107,108
32,61,130
61,115,130
227,326
299,313
77,163,175
200,326
263,326
299,307
39,211
93,323
218,323
28,47
273,304
149,152,321
108,116
28,41,47
228,287
213,255
35,215
202,272
228,243
300,307
227,254
77,127,175
33,61,64
156,202
202,273
228,306
150,287
33,61,64,130
141,269
298,303
216,228
41,47
300,305
148,248
89,150
142,300,305
150,243
32,61,64
89,243
176,206,209
32,33,64
33,130
35,147,148
176,191
61,64,115
305,307
175,179,181
185,320
184,185
211,287
204,213
203,326
60,317
281,320
142,300
60,184,201
138,139,161
33,115
213,223,326
49,60,184
77,163,192
76,127
92,101,107
243,287
89,226
207,227,294
199,203
213,223,256
205,235,258
213,248,326
89,112,113
37,70,175
32,33,61,114
114,115
223,248,326
218,290
101,115
226,251
287,299
9,11,235,316
11,150
199,203,215
150,273
33,86
172,269
108,130
45,60
28,41,47,107
9,313,316
248,326
41,91,107
205,258,288
215,282
242,296
37,70,94
32,70
217,218
89,104
98,99,170
175,193
173,304
61,114,115
64,114,115
187,320
99,317
28,47,107
13,89
176,193
58,198
223,254
205,258,269
217,298
141,287,305
211,218
28,41,76,107
9,142,316
204,310
44,259
104,134
9,142,305
49,320
16,61,115
9,305,316
281,316
298,306
13,296
231,250
292,293
293,316
60,113
305,313
89,216,306
134,216,306
58,175,186
150,316
145,258
9,303,316
89,306
142,150
9,303
9,291
174,317
163,324
32,37
60,274
291,293
250,296
60,187,274,320
34,242
58,138
104,212
179,324
303,316
281,313
193,233
313,316
60,231
59,98,195
17,61,65
142,265
34,311
72,304
93,167
193,206
265,301
287,313
287,301
52,69
39,40,321
39,321
98,99,195
171,194
93,152
134,306
79,309
161,302
58,161,302
102,321
58,302
176,324
99,189
141,235
17,115
141,235,287
204,311
215,326
152,271
88,111
149,271
239,247
59,317
135,312
247,312
83,312
89,217
44,104
235,287
16,17,116
60,180
52,168
81,131
203,294
301,322
142,287,307
77,78,221
103,120
78,302
120,131
301,305,322
124,247
135,247,312
215,227
16,32
82,267
285,290
15,225
14,241
232,266
245,252
43,56,135
124,264
43,266
83,245
267,312
77,324
15,43,312
43,312
14,15,312
124,245
43,135,312
14,135,312
14,15,43,135
14,15,135,312
14,245
135,245,312
200,215
267,277,312
15,135,247
43,247
292,303
36,70
136,202,272
95,164
89,298
192,324
85,115
65,114,127
86,116
48,107
47,76,85
33,48
33,107
86,114
164,270
47,76,129
32,48
32,107
107,127
186,324
163,206
28,41,91
177,304
11,303
37,175
99,100
104,216
28,41,107
134,226
95,314
104,229
9,10,316
89,134,228
31,181
139,220
9,292
10,316
28,41,101
38,116
212,298
216,298
281,292
192,309
228,229
28,91,107
104,228
181,192,309
100,126,177
117,132
48,94,163
293,303
280,288,299
288,303
158,164
31,108,178
73,171,196
174,195
48,104
291,293,299
291,313
25,100
59,195,317
59,196
78,79,220
194,195
292,313
48,94,115
293,303,305
58,139
144,293,305
144,205,293
59,195,196
59,304
194,317
200,203
54,125
172,268
138,221
9,126,316
126,177,316
100,316
228,303
280,313
132,209
285,287
159,168
112,163
223,310
223,294
9,259
94,103,108
218,303
293,305
72,73,196
11,178,235
95,158,159
144,281
37,41,70
32,33,65
141,166
28,37
6,178
281,293
153,288
18,288,299
136,142
25,99
25,59
25,188
207,282
142,145
205,281
33,64,65
203,213
9,11,235
207,213
138,139,221
132,175
265,291,292
60,187
138,220
195,216
213,311
195,226
272,291
42,47,107
293,296
199,326
205,268,285
166,258
126,219
265,293
35,250
138,220,221
79,186
18,89
1,25
78,175,181
142,305,313
142,272,305
138,139,220,221
250,253
65,147
65,230
77,132
208,248
281,287
59,126,177
281,293,296
173,274
199,223
120,147
152,153
174,218
136,287
300,313
173,320
205,272
250,257
250,263
280,291,292
23,235
63,274
69,158,164
78,243
205,297
12,250
280,290
213,326
291,305
207,310
173,180
173,231
60,165
203,311
161,163
60,158
234,326
145,269,272
161,192
11,23
136,272,273
5,249
199,213
310,311
145,166,272
187,196
5,303
207,208,296
63,320
149,153
95,159,275
11,283
249,303
142,293
256,268
256,276
18,303
49,73,196
113,303
203,242
9,23
207,213,223
23,112
258,280
269,272,305
269,272,273
77,179
142,281,313
265,313
202,269,272
49,180,184
73,231
159,275
199,213,215
269,301
49,231
142,172,313
142,172,281
250,310
49,54
291,292,305
158,164,270
291,300,305
208,234,296
199,213,223
49,183
49,60,201
201,231
183,201
112,303
54,183
242,255
207,254,296
208,254,296
250,282,310
208,326
273,280
5,19
281,301
9,58
9,205
95,158,270
9,12
179,198
199,215,223
282,310,311
35,282
35,204
35,255
77,198
242,253
18,217,249
9,150
292,316
291,316
18,105,217
35,310
136,258
119,270
113,217
166,276
270,314
158,162
166,268,276
162,164
23,158
268,285
12,143
136,144,202
105,113
18,113,217
242,263
51,162
270,283
142,316
144,285
164,165
273,276
28,33
23,314
301,313
43,261
36,65
122,232
42,47,121
28,32,121
60,62,125
161,324
25,74
205,276
4,86,121
17,114
4,115
235,303
43,101
256,311
4,86,115,121
6,216,217
144,313
12,104
113,197
47,121
182,191
78,210
12,20
164,327
79,302
77,302
42,86
125,317
38,86
4,48,85
33,64,117
38,115
37,64
10,141
53,201
18,230
49,260
161,309
9,285
81,318
126,174,317
238,284
290,303
166,301
166,273,301
166,273
30,233
55,252
23,156
203,215,227
60,126,317
123,238
145,166,301
276,303
232,261
98,189
41,65
140,287
55,312
34,254
9,272
285,293
205,303
133,299
202,299
265,300
144,292
232,247
261,286
55,261
55,247,286
272,285,301
281,290
136,272,285,301
276,301
136,272,285
272,285,305
136,276
141,142,281
142,290
9,202,291
9,287,291
142,281,293
9,202,287,292
9,202,287,291
144,272,301
144,166,269
172,285
141,281
144,166,276
133,272
141,293
144,166,285
166,276,285
145,166,276
144,145,166,285
145,166,276,285
269,292
144,145,166,276,285
133,305
55,239
144,145,276,285
131,279,318
133,142
142,281,305
9,305
281,293,305
276,285
142,293,305
269,291
133,205,269
133,293
142,276
172,280
202,290
290,299
133,281,299
133,235,299
145,299
144,145,166,281
269,299
145,301
164,169
244,255
7,37,127
142,202
38,42
191,324
232,286
268,303
145,272
47,101
100,189
205,300
15,238,284
212,218
144,166,301
311,326
294,326
28,91,101
91,101,115
28,91,130
55,284
78,79,178
57,163,176
57,77,163
206,324
200,223
223,248
223,227
263,311
30,132
57,210
30,175
170,326
31,182,209
173,260
194,304
147,203
89,113
203,282
107,115
147,215
209,324
18,212
163,183
104,112,134
31,175,209
101,130
192,238
50,213
60,189
146,173
69,270
161,191,324
178,206,302
32,92
77,183
72,213
164,304
35,134
80,155
142,202,305
74,318
146,201
31,103
63,146
72,320
217,281
134,313
170,317
296,326
63,146,201
90,105
31,182
260,314
230,259
244,251
217,272
9,144
103,209
63,201
35,90
150,305,313
12,150
161,223
12,202
2,22,279
159,173
18,228
191,223
35,243
71,80
60,73,184
272,301,305
89,172
89,141
149,158
25,318
57,191
112,272,301,305
223,324
80,169
244,251,285
112,305
81,169
68,80
142,167
147,244,285
112,272,305
30,175,186
154,223
145,166,290
50,73
128,164
12,313
167,262
51,281
148,326
148,302
181,193
244,285
26,223
72,146
75,148
26,151,223
30,175,193
35,285
217,269
27,67
169,213
68,223
201,275
22,158
186,193
144,272,305
50,59
173,196,260
6,259
50,118
302,326
152,169,213
26,68
126,170,177,188
50,59,73
271,279
2,271,279
144,145,166,269
147,251,285
147,285,297
22,194
126,167
167,188
132,186
152,213
167,177
144,145,166,268
200,254
51,196,314
192,284
32,91
60,180,184
178,217
73,118
155,326
164,194,304
60,171
215,281
51,173,314
173,260,314
22,164,194,304
77,191
22,81
118,170
51,173,196,314
35,285,297
166,268,269,276
30,186
89,142
105,150
95,187
89,172,281
89,142,281
197,287
203,254
145,166,269,276
126,174,177
60,171,184
217,303
5,19,113
89,268
89,281
104,105,150
141,276
89,142,172
104,150
149,270
102,153,167
89,142,172,268
166,269,299
35,147,297
174,320
134,150,259
5,150
202,205,291
157,223
32,130
100,126,174,317
5,12
51,196,260
68,157,223
90,197,287
203,215,234
5,113,134,259
142,268,281
100,126,174
100,126,317
178,303
148,261
219,290
26,157,223
217,302
100,317
81,191
89,142,268,281
5,113,134
104,105,296
166,299
100,126,174,177
177,195
71,169
26,68,157
19,296
152,159
196,260,314
141,268
177,317,320
71,81,169
72,81,169
134,298
170,177,317
151,157
31,176,182,209
104,296
173,196,260,314
90,287
203,234
317,320
100,126,170,174
227,294,326
6,134,216
281,296
285,326
104,281
51,173,260
5,13,226
147,297,326
163,178
224,281
19,281
144,166,299
31,176,182
263,287
126,174,195
260,319
113,134,259
31,176,178,182
57,175,186
49,50,73
147,326
22,164
103,148
89,205
5,106,197
170,174,317
173,177,188
31,206
182,266
269,322
123,192
60,171,180,184
197,313
5,197
170,173,174
170,173,317
100,173
31,161
161,182
297,326
5,90,134
35,147,326
172,276
303,311
5,313
5,90,106,197
22,151
22,155,167
118,201
146,159
132,233
52,196
172,268,276
157,327
191,206
147,248
82,188
60,171,180
22,102,167
5,90,197
22,151,167
173,189
52,159,314
112,243
54,109
105,259
104,243
152,164
268,291
22,102,155
100,173,317
234,248
126,189
128,152
118,231
89,104,112
5,90,106
162,314
113,263
273,301,305
104,219
4,91
272,273,301,305
104,112,243
187,188
73,118,196
100,126,173,174
35,244,285,297
13,134,259
26,75,151
80,81,131
166,205,299
81,103,131
285,296
19,112
217,219
281,303
148,254
104,134,259
100,170,174
35,296
234,253
217,219,224
148,254,294
148,227
71,151
207,285
194,304,323
57,324
35,244,285
50,196
6,104,113
13,226,259
75,149,152
27,71
156,169
148,207
89,219,259
197,243
59,189
30,176
5,106
166,281
75,128
89,219
75,149,151
217,224
71,102,167
100,196
35,148,244
89,251
163,193
145,269,305
202,303
9,301
22,71,102
140,293
80,81,103,131
183,194
112,113,298
219,224,243
12,251
148,308
9,144,285
112,251,298
35,244,253
113,298
12,19
26,152,323
35,227,254
156,283
5,104,112
161,206,324
148,223
26,149,323
75,323
149,152,323
35,254
104,113
89,104,105
56,239,261
207,326
27,323
34,223
104,105,243
62,73
71,149,323
19,298
183,196
126,170,188
149,323
6,112,216,217
223,282
184,187
99,184
98,171
5,6,112
12,259
13,105,226
12,89,104
26,323
72,73,194
141,278
26,149
112,262
112,197
33,114,117
92,121
8,91
48,115
42,47,48
238,239
15,239
47,48,115
48,91
123,261
123,266
252,286
225,261
124,238
55,225
176,192
55,261,286
192,193
4,47,101
87,123,266
87,225,266
14,87,124,225
14,87,225,266
261,267
225,267
88,239,261
87,225,267
110,239
15,247
88,277
261,267,277
88,267
110,225
78,193
17,116,117
37,116
61,108,114
17,97
28,38
41,66
64,65,114,127
7,37,76
7,76,97
41,76,97
64,114,121
116,130
32,115,116
91,114
32,117,130
32,115,117
108,129
91,117
38,66
94,108,129
38,70
94,115
94,108,115
32,115,130
108,115
4,32,130
8,48,115
4,48,115
32,42
4,8,48,115
32,108
61,65,70
32,85,115
4,8,48
32,85,115,130
65,70
32,94
32,85,101,115
85,130
85,101,130
86,91,92
85,101,115,130
4,8,42
70,108
41,129
4,8,42,47
101,115,130
32,85,101
85,115,130
4,8,47
8,42,47
61,108
4,32,115
32,107,115
94,116
38,107
158,327
144,166,273
47,115
214,311
104,298
9,300
86,91
57,79
64,66
56,88
41,108
7,41
7,41,66
161,193
61,97
41,66,97
30,182
220,302
22,152,323
256,263
203,214
71,75,152
203,253
75,180
71,149,152
54,74
73,75,187
30,77,193
60,194
258,269,305
258,269,303
147,234
235,269,303
49,163
77,220
276,290
244,297,326
7,116
63,71
296,311
95,327
71,72,194
133,292
35,248,255
167,178
81,163
35,214,311
172,301
93,168
60,283
234,282
24,96
35,311
63,75
24,60
258,281
133,276
142,263
280,285
205,276,303
96,327
148,161
93,199
60,314
2,25
161,199
138,199
139,263
138,321
161,263
299,303
205,310
199,321
178,299
159,321
66,114
61,66
159,199,321
268,276,285
93,159
205,313
159,161
159,191
285,313
207,255
33,41
55,238
110,252
245,261
245,261,267
88,225
247,261,277
245,261,277
245,261,267,277
247,261,267,277
245,247
16,33
225,239
245,247,286
16,61,116
88,245,247,286
41,64
41,116
225,247
155,323
271,323
41,117
65,97
22,49
16,114
114,129
21,22,187
22,49,187
61,94,114
21,22,271
61,129
90,298
174,187
224,228
49,100,174
12,262
45,90,134
100,174,187
90,228
112,251
218,259,298
100,174,183
251,262
13,197
134,228
219,262
19,262
218,262
89,112,217
89,112,216
45,134
13,44
6,226,262
197,230
106,113
100,187
211,259
226,228
12,224
13,106
113,228
20,104,259
20,104,298
20,207
6,199
218,235
16,66
207,224
147,199
147,159
49,174,187
12,217
112,228
140,217
89,228
199,233
6,139
159,233
89,216,228
112,113,228
112,216,228
6,138,139
49,267
45,112
138,139,321
6,139,321
175,302
98,100,174
175,182
81,267
181,199
159,199,233
71,81,326
113,216,228,306
90,326
112,113,216
80,81,326
216,228,306
113,216,306
81,326
113,228,306
113,216,228
5,139
72,80,81,326
43,228
15,43,228
65,76
6,138
72,81,326
17,41
71,326
72,326
76,114
7,17
27,259
174,177,187
174,177,317
170,187
98,201
98,187
170,201
54,259
98,100,201
98,177,187
41,66,76
72,90
22,52
72,138
50,98
72,80,326
71,72,326
71,72,80
6,198
177,201
71,72,80,81
27,271
170,177,187
72,198
100,320
100,174,177
171,247
78,232
61,116,232
180,201
127,163,175
61,65,232
17,178
61,232
108,174
286,301
114,167
64,232
52,158
61,64,65
189,317
143,147
174,180
127,318
174,177,180
94,97
153,318
71,207
159,320
52,108
96,266
126,187
138,163
98,174,177
154,157
126,320
52,174
187,195,201
52,201
94,97,108
203,215,254
174,201
149,279
80,326
62,320
51,320
61,97,108
51,156
100,271
15,232
82,138
203,207,215
187,271
83,123
51,126
203,207,215,326
31,94
31,108
109,149
60,302
51,183
174,271
203,215,326
207,215,326
207,215,254
131,187
187,314
131,271
254,326
231,271
62,67
203,207,215,254
131,159
227,256
52,231
64,97
74,279
52,62
200,282
62,67,231
236,241,286
51,131,159
34,282
38,94,108
87,241
32,38,121
4,92,94
75,91
67,320
75,115
64,75
94,101,108
32,75
21,22,153
21,22,153,155
124,284
21,153,155
22,153,155
203,207,254
109,153
203,207,326
55,246,247
213,256
42,297
62,231
214,282
82,247
87,252
52,271
196,320
215,254,326
51,180
52,62,67
27,318
52,62,67,231
88,135
52,62,231
52,67,231
109,318
22,102,153
1,174
22,155,318
241,246
203,215,254,326
21,94
200,296
94,107,108
94,163
94,186
94,101,107
8,210
98,174,195
101,163,186
78,101,210
314,320
8,92,97
138,175
4,176
47,92,97
203,254,326
248,256
78,79,132
156,183
52,67,271
104,149
253,256
163,209
21,155,318
75,223
23,146
104,152
8,47,97
61,209
4,47,92
75,263
2,167
60,98,174
105,149
77,209
186,192
169,327
175,176,209
177,256
81,153
177,271
21,80,155
207,213,296
67,126
67,183
22,153,167
108,161
213,215,326
51,187
94,279
51,231
22,103,153,167
98,180
213,296,326
156,201
67,187
67,180
53,189
254,256,294
200,248
49,125
138,161,198
207,213,326
207,296,326
223,254,256
98,159
184,194
59,98,173
74,155
109,128
75,80
80,81,102,103
74,153
109,279
26,279
81,152
30,209
97,302
175,176,193
125,302
60,320
47,302
151,279
125,180
49,187,231
49,125,180,187
49,304
50,231
59,63
49,125,180
60,98,188
186,233
125,231
171,184,189
171,189
125,194
63,118
8,48,97
59,201
49,194
4,94,108
179,182
53,63,125
118,183
104,311
43,284
175,176,182
54,60
253,257
179,193
175,179,182
193,309
213,254
126,201
214,282,311
194,231
61,107
92,107,108
60,304
75,151,279
77,78,193
117,227
214,250
87,88,247
115,117
64,115,117,121
55,87,247
115,117,121
64,115,117
91,252
87,135
123,266,284
214,250,311
55,247,277
47,238
42,135
214,250,282
88,232,261
42,238
78,163,193
67,314
123,195
30,179
47,91
71,279
164,319
250,311
124,267
56,57
138,206
138,139,191
139,179
79,179
88,107
161,179,191
230,262
30,77
71,75,279
75,168
77,163,186
38,179
31,107
75,152,167
68,69
53,59
51,327
143,321
53,59,63
26,74,75
31,107,132
2,81
74,75,151
77,207
173,187
75,318
93,318
152,279
318,323
176,178,182
31,163,192
125,183
25,27
72,74
165,327
51,91,327
72,75
182,302
77,93
72,81,103
93,148
31,210
59,87
117,126
22,99
49,117
148,174
20,78
6,20
174,230
207,234,256
13,78,108
185,231
13,78,107,108
223,254,296
223,234,256
117,125
5,6,125
254,296,326
13,107
20,60
38,78
31,132,210
64,87
132,198
234,254
207,244
31,221
49,54,180,231
31,132,221
161,210
60,75
13,195
77,210
49,180,231
161,191,210
84,210
125,178
176,206,302
64,115,176,302
60,64
115,206
64,302
103,159
115,176,302
64,115,176
80,94
72,94
31,79
64,115,302
92,94,108
64,176
13,92
115,176
13,94
91,210
75,321
115,176,206
115,125
55,94,108
2,109
13,55
13,91
217,249
59,125
212,226
133,172
84,193
41,86
57,206
115,121
54,187
64,130
56,237
33,64,115
107,130
32,64,115
41,42,92,107
77,84
33,70
32,33,64,115
41,92,107
84,193,206
265,291
41,70
38,114
36,61
222,249
45,295
41,303
273,287
41,121
202,285
292,301,305
89,90,134
285,299
10,280
121,127
38,65
32,65
33,85
41,42,76
163,210
49,59,195
265,299
57,78,79
139,309
57,77,78
31,179,209
228,259
38,64
13,217
188,201
224,243,259
62,317
57,84,206
141,307
9,273
230,249
133,280
59,60,125
169,270
59,98
202,285,300
105,262
52,169
120,164
60,173
174,185
63,170
155,319
173,183
96,323
102,271
258,265,288
133,144
53,185
285,307
125,187
301,307
9,281,303
272,303
80,323
194,320
32,76
149,156
151,275
90,249
95,149
185,196
32,33,86
38,286
280,281
68,72
145,288
281,288
23,95
27,125
27,53
72,149
133,288
81,158
20,228
32,33,232
107,121,127
32,107,232
123,188
60,149
140,288
228,249
33,61,232
107,135
49,167
217,230
80,164
107,225
56,107
63,151
161,209
60,152
280,281,299
36,38,154
113,306
31,226
69,72
154,171
38,171
149,231
217,281,305
272,281,305
27,189
95,320
56,111
78,186
71,171
22,102,128
142,272
81,95
72,95
70,77,127
121,225
216,251
167,171
60,303
276,322
72,95,149
22,72,95
140,205,258
133,217,281
17,225
20,134
150,166
118,194,260
140,258
17,121,225
166,290
130,302
226,302
41,91,179
22,149,158
22,95,149
30,139
281,298
229,243,259
23,60
271,318
37,70,186
141,272,305
107,132
107,221
217,305
9,11,303
39,167
141,142,272
159,167
159,271
70,77
70,186
276,278
37,186
14,56,124
21,22,39
95,149,158
58,77,127
26,33
186,221
155,275
249,259
33,226
217,290,298
60,226
38,287
78,264
159,318
21,22,159
18,60
49,65
140,229
23,75
21,159
65,264
75,155,275
258,305
138,266
23,75,275
150,217,298
166,305
56,309
161,306
107,247
186,266
77,127,135
86,161
287,306
141,144,272
70,163
30,83
30,82
118,171
111,241
112,250
43,135,186
30,82,83
17,76,225
126,251
32,93
32,56
43,163
9,240
75,319
10,11,303
58,83
58,82
111,236
18,24
77,107,127
77,107,126
171,260
30,58,82,83
9,239
78,209
78,266
32,64
77,107,127,163
53,171
58,82,83
31,224
281,285
65,264,312
77,107
281,285,298
118,126,194
17,32,33
22,26,167
17,64
105,222
77,107,163
134,224
30,58,82
285,298
17,64,121
65,312
65,93
145,298
11,178
30,58,83
107,209
22,159
72,314
77,101
5,287
158,187
22,27,318
72,260,314
61,277
51,72
5,306
11,36,38
95,158,187
165,314
262,303
11,161
30,58,82,193
95,149,187
105,212
53,265
11,118
220,225
222,230
262,302
95,149,158,187
209,230
161,286
32,288
30,58,193
82,193
205,258,287
17,76,121
87,107
111,236,241
77,130
31,178,181
140,285
266,302
298,299
205,258,265,288
212,295
178,266
258,303
212,243
128,167
140,299
276,281
258,288,303
11,12
144,145,285
144,145,269
51,159,314
9,84
12,229,243
58,82,193
22,75,323
31,206,302
159,314
18,84
84,130
84,93
22,75,81
118,163
133,299,303
36,125
84,195
195,320
239,267,277
122,193
185,233
30,83,122
30,82,122
38,77
22,75,128
22,75,152
133,265,288
30,122,193
144,145,269,285
205,258,303
133,205
205,299,303
84,114
125,232
9,276
133,258,288,303
17,70,121
17,37
138,161,191
76,91,92
11,258,288
265,288,303
5,89
11,205,258
9,133,276
9,133,281
15,123,135
22,75,93
258,265,288,303
31,77,163
33,108
33,38
163,266
9,133,276,281
61,105
9,10,276
87,246,247
92,108,114
108,114,127
65,217
262,290
30,122
62,107
144,269,285
145,269,285
205,258,265,303
84,266
30,82,83,122
36,38,127
154,271
205,258,265,288,303
32,33,85
15,56,135,266
9,276,281
53,118
10,276,281
30,186,193
205,258,299
205,265,303
15,56,266
134,222
30,58,186,193
236,246
205,258,265,299
245,284
9,299
56,87
72,118
36,38,107
9,265,288
32,61,114
99,149
122,232,236
77,78,192
122,225
28,36
28,41,42
9,205,265
77,78,84
21,27,323
166,291
272,290
11,133,258
258,278
133,205,258
133,205,303
144,269,299
258,272,305
31,233
21,318,323
26,75,128
26,80,128
188,274
30,58,186
58,179
58,78,132
125,188
13,243
162,283
39,154
24,162,283
54,174
111,122
95,169
141,301,307
31,186
258,300
238,239,261
83,267
239,284
87,122
87,232
83,123,135
123,135,284
225,232,239
15,247,266
225,232,238
247,264,286
87,247,266
247,264,266
14,266
87,123
261,312
15,261
246,264
55,266
55,239,261
19,224
16,32,61
207,249
11,144,202
249,296,326
207,249,296
249,326
147,242
184,244
195,203
212,229,243
195,199
35,214
80,279
88,241
54,62
201,263
231,263
213,242
218,263
132,220,221
78,176
221,302
58,221,302
31,161,191
30,58,221
285,292,301
71,318
140,269
9,273,287
149,318
9,287,305
144,172
144,293
150,292
74,152
10,145
10,272
10,305
11,291
11,272
153,323
145,310
301,310
163,220
83,247
33,121
38,121,130
38,121,127
41,91,101
79,186,221
196,317
11,219
10,133,281
172,177
68,242
11,218,219
158,283
74,75,102
41,91,115
28,92,107
177,267
158,165
170,293
78,271
65,108,114
61,146
65,132
61,93,116
264,312,317
100,293
55,78
135,239,277
135,239,317
95,165
135,177
264,317
261,317
100,288
185,288
25,321
74,321
146,283
79,169
158,321
53,205
16,17,76
103,321
170,174,196
25,159
101,264
91,97
17,76
120,250
82,239
238,264
122,264
15,122
261,264
13,103
159,169
110,286
53,109
114,130
70,205
103,231
178,239
159,244
159,244,297
16,220
159,297
15,267
8,205
53,242
8,258
142,199
172,205,258
56,264
264,286
207,234,296
32,207
53,109,242
122,263
122,218,219
11,122,218,219
122,219
11,218
109,242
214,256
125,242
85,116
56,286
85,163
122,218
101,108
214,215
56,264,286
15,56,286
212,250
15,286
125,215
214,326
75,215
139,191,198
200,208
169,318
2,27,318
36,38,256
38,256
36,256
63,215
215,275
51,215
51,53,125
11,265
51,63,215
51,63,125
51,53,63
172,258
51,63
51,53
63,75,125
51,125
51,75
16,138
92,116
36,145
38,181
109,169
137,301
36,38,181
141,147
149,158,270
272,292,305
4,116
272,273,305
70,262
4,92,116
74,103
70,122
75,242
38,72
272,293,305
122,163,192
87,91
92,116,127
122,192
37,281
70,281
38,108
122,163,181
11,172,205,258
11,205,258,303
87,264
87,246,264
9,11,205
11,258
8,92,116
144,301,305
87,238
172,299
9,265,299
205,265,299
27,155,318
8,92,127
51,190
8,127
133,269
149,155
22,122
142,243,281
150,202
172,205,265,299
33,122
49,190
258,287
11,249
122,127,163
16,76
40,49
2,22,318
142,287,313
142,281,287
40,321
11,313
67,242
108,122
172,258,265,288
9,11,321
141,205,303
76,192
77,243
41,101,108
60,293
60,272
243,272
28,41,108
11,51
75,155,167
150,321
142,321
265,321
17,192
60,305
122,301
258,265,288,299
25,174
8,92,108
8,76,101
27,128,318
16,166
16,145
51,141
51,303
9,11,313
128,318
170,231
142,301
279,301
9,187
49,63,125
103,288,299
11,288
11,74
74,170
74,299
22,128,318
103,205
133,303
49,51
103,292
145,174
100,145
56,284
231,272
293,301
25,288
103,170
265,272
265,273
145,303
1,293
142,150,293
265,276
77,271
196,287
145,172,293
287,293
9,145,166
122,237
280,293
281,287,305
288,292
26,75,153
36,231
57,58,220
122,123
49,171,187
167,321
81,321
30,309
49,170,171
49,170,187
56,58
51,103
243,244
27,321
9,145
169,237
15,58
15,56,58
65,174
18,244
148,251
141,145
65,100
215,253
53,65
148,244,251
78,135
134,219,298
134,218,243
134,218,219
134,218,243,298
134,218,219,243
134,218,219,298
105,219
49,126
105,243,298
105,134,243
253,255
112,134,219
134,216,243
105,112,243
122,238
112,218,219,243
123,239
134,218,298
216,219
215,253,255
215,255,257
112,218,243
134,219,243
134,229,243
105,229
217,218,219
13,105
170,194
105,134,229
188,194
13,229,249
170,188,194
72,188,194
9,307
215,298
112,306
107,188
14,124,277
124,135,277
135,186,277
14,135,186
111,186
135,186
124,186,277
111,124,277
31,132,209
14,124,245
14,43,124
43,124,277
43,186,277
186,245,277
135,186,245
220,233
111,135,186
111,186,277
111,135,277
31,58
14,186
58,206,302
58,206,209
124,186,245
111,186,245,277
124,245,277
58,209,302
31,58,209
135,245,277
124,135,186
124,135,186,277
57,58,127
58,127,302
127,209
41,47,97
58,127
70,130
127,206,302
16,70
58,127,206
127,206
206,209,302
132,209,302
47,76
31,206,209
31,206,209,302
122,312
107,174
107,174,188
107,177
100,107,174
122,247
56,135,237,277
17,130
107,177,188
112,207
236,277
17,121,130
49,317
207,215,227
58,206,209,302
107,232
83,264
82,264
56,186,277
56,241
52,103,159
96,159
67,89
139,181,198
87,247,264
96,314
198,206
122,138
181,302
79,138
78,79,206
187,317
18,306
138,302
87,264,286
67,68,231
107,170,188
115,117,130
192,306
77,134,163
134,192
135,236
112,192
77,298
77,262
68,165
135,236,277
111,135,236
45,306
88,199
56,111,236
49,126,317
23,119
17,117,130
120,314
77,138
16,107
60,193
126,213
108,188
186,213
108,213
85,101,114
56,135,277
30,138
64,117,121
33,108,115
42,76,107
111,135,237
36,86
41,76,92
28,41,92
38,117
107,116
42,92,97
42,97,101
65,115,116
91,92,101
23,157
32,107,114
30,77,163
111,236,277
88,238
77,309
82,122,245
135,241
55,232
55,135,277
225,264
88,236
241,277
88,238,261
56,236,277
237,241
37,130
148,256
67,283
251,256
30,77,138
31,163,186
30,198
31,138
78,198
198,221
172,287,305
78,79,210
191,221
11,269
145,265
145,202
78,210,220
166,265,272
9,285,313
142,145,166,305
145,166,305
176,220
153,167,202
27,102
22,155,323
133,145
145,205,280
184,285
148,285
145,288,299
144,145,299
145,166,299
144,288
256,257
75,151,152
11,214
301,303,305
9,133,265
207,257
11,133,265
9,11,265
142,326
9,11,133,265
172,287,301
271,305
301,303
11,322
273,301,303
170,188,317
23,231
23,67
103,314
119,146
207,255,256
141,248
119,263
148,244,285
51,262
51,147,285
51,285
51,184
119,156
51,263
93,149
18,147
147,148,285
148,251,285
255,263
45,89
211,306
112,211
59,170,317
59,126,170
59,126,317
280,301,305
147,159,285
59,170,188
56,110,135
82,122,135
205,298
179,210
147,253
32,85,86
33,127
65,121
79,192
72,213,326
30,78
85,266
43,78
15,78
77,206
43,132
91,115,116
61,91
100,274
57,124
101,114
17,36,76
226,229,295
100,174,274
205,301,305
17,36,116
38,91
177,274
72,215
90,218
78,114
13,116
163,224
90,219
91,200
72,207
272,273,285
205,303,305
226,295
36,41
41,76,107
72,207,256
41,127
56,161
105,295
16,47,107
71,213
213,243
215,262
59,126,188
47,111,237
107,111,237
105,226,229
47,107,111,237
75,174,274
17,111
75,274
226,229,251
161,321
31,306
83,114,116
218,219,262
187,213
39,233
17,181
16,238
17,166
126,170,174,317
83,116
61,245
107,117
13,47
84,116
13,47,117
166,205,258
51,245
114,124
145,166,258
56,61
32,229
226,229,290
159,245
251,295
47,117
47,64
229,293
71,152,213
226,293
158,243
229,290
226,229,293
120,169
47,88
13,88
76,124
13,47,107
109,151
72,208
72,255
72,253
143,223
20,89
207,253
23,319
72,207,253
211,222
58,181
205,315
182,192
181,182,192
87,245
49,100,118
77,84,163
78,84,163
57,84,163
49,118,195
95,159,270
63,98,195
63,317
45,90
285,315
245,286
110,237
278,287
144,316
141,142,301
90,295
142,301,313
6,249
6,222,249
5,6,217
11,144,316
4,108,115
281,322
28,115,116
28,32,115,116
98,184,320
72,184,320
7,33
33,37
147,257
7,32
72,317,320
282,297
7,115
141,291
171,320
272,299
32,33,116
112,113,134
170,320
80,152
11,208
12,90
33,115,116
18,226
127,167
198,309
6,216,222
6,217,222
113,197,216
92,209
75,76,107
120,157
19,197
90,226
90,113
27,279
53,183
150,172,293
127,175,186
171,235
103,178
60,148
20,211
57,84,161,191
75,253
120,148
178,209,323
53,60,183
57,84,161
163,175,186
77,182
61,309
77,177
58,149
103,178,209
209,323
236,245
205,258,272
175,228
105,205
27,68
30,236
133,175
9,235,303
171,216
60,157
215,216
150,226
178,182,209
194,253
77,163,175,186
213,219
167,182
5,84
143,263
80,81,128
84,216
86,110
98,126,320
148,253
140,249
30,127
176,239
279,323
9,112,228
49,223
145,166,172
82,227
152,183
122,189
58,77,175
82,83,135
228,235
217,287
140,295
167,169
58,277
58,86
88,176,239
21,167,323
83,263
82,263
214,251
272,313
152,167,169
21,167,169
215,322
214,296
21,167,169,323
265,281
76,115
214,287
9,122
51,120,196
167,169,323
35,147,285
133,258
32,33,76
9,228
147,287
53,148
169,323
35,244,251
147,244,251
215,287
287,296
258,292,305
169,279
105,280
60,214
136,307
147,244,251,285
60,168,214
103,189
97,121
133,265
167,279
60,168
168,214
30,277
98,174,317
162,245
116,245
114,283
256,312
265,281,322
115,116,245,246
103,183,189
62,103
120,196
98,170,320
136,265
144,265,272
150,222
31,209,266
31,178,266
265,322
172,313
97,127
116,245,246
209,225
57,135
179,266
216,287
62,183,189
117,250
216,222
98,188
249,253
256,287
98,177,188
281,299
98,118
51,260
58,77,277
144,272,280
255,296
31,178,182,209
98,173,317
205,281,299
21,279
77,163,277
5,18,89
10,249
30,57,175
35,251,285
5,18,113
98,126,317
105,287
18,150
12,105,106
65,77
30,221
132,191
280,299
27,242
136,258,280,299
168,187
136,258,280
207,287
258,280,299
172,291
84,122
257,287
221,225
81,149,167
37,122
147,257,297
94,122
244,287
136,142,172
35,147,244,285
257,297
5,12,105
248,287
81,149,152,167
27,151
142,258
163,182
11,235,313
136,172,276
206,239
249,287
31,178,182
177,187,317
24,162,168
81,149,152
281,291
24,162,169
68,158,169
89,222
158,162,168
158,162,169
81,151
249,296
126,188,317
5,12,113
89,105
135,197
20,150
214,223
162,168
287,291
24,68
5,89,106
157,158
136,313
80,151
223,249
207,308
207,311
18,20,150
20,150,224
145,258,280
106,222
303,310,311
9,83
9,277
280,291
89,106,222
12,89,106
181,209
207,303
166,258,280
118,187
146,162
145,287,291
171,242
157,196
272,276
186,312
136,291
9,249
201,320
258,276
166,280
60,184,196
299,301
23,120
5,12,89
215,297
54,180,187
145,291
136,145,272
69,169
126,196,317
53,60
113,222
162,169
11,136,272
197,249
46,147
144,291
71,80,194
258,301,305
5,12,106
54,180,231
272,316
242,326
188,320
189,196
140,144
140,150
80,194
257,303
81,167
63,98,189
62,177
110,225,241
11,172,287
9,136,303
176,178,206,209
126,185,317
154,250
63,98,174
46,253
150,280,287
31,178,206
180,187,231
140,276
5,89,197
215,223,310
207,214
35,253
265,272,281
60,184,187
80,149
5,12,89,197
5,112,197
215,310
225,236
80,103,128
81,103,128
24,118
136,150
25,81
24,327
276,313
12,222
136,144,272
150,272
53,194
80,109
203,248
75,149,167
60,102
23,51
106,134,219
21,102,167,323
217,228
20,197
20,251
82,238,277
21,71,167
89,134,243
9,136
214,310
15,122,135,284
82,122,135,284
9,272,276
102,149
280,322
89,226,243
136,316
136,293,303
242,257
136,280,299,303
144,272,281
111,225
112,222
225,252
21,75
21,103
215,242
252,261
27,103
102,109,318
75,102,109
140,292
110,261
9,280,303
277,312
12,89,197,243
136,281,299
25,103,167
280,281,303
82,110,245,261
110,239,261
110,225,239
235,281,293
272,307
9,281,293
280,281,293
292,299
217,222
194,201
46,298
25,167,323
38,122
18,20,243
12,18,243
23,68
19,106
49,63
6,105,217
7,122
49,63,189
9,10,133
78,79,192
79,175
30,79
16,29,86
175,206
7,94,122
77,132,179
57,179
163,179,210
175,210
18,295
84,161,163
77,163,179
77,161,163
12,18,20
161,186
132,138
44,90
37,122,127
198,210
77,139
118,189
12,295
57,139
57,138
53,54,180
191,198
142,287,301
287,292,301
158,314
67,169
52,157
290,301
299,316
145,166,303
126,183
11,281
57,209
185,194
53,126
89,113,298
10,11,292
197,298
12,18,90
53,100
106,134,197
205,278
216,281
134,217
133,316
133,313
22,27,279
258,315
217,281,298
134,303
226,303
136,298
25,102,167
235,298
72,103
10,285
172,196
133,285
105,133,298
196,258
133,298
25,169
103,196
60,228
87,124
103,265
172,314
225,245
89,218
214,263,296
111,266
103,258
72,235
18,205
39,279
39,271
22,167,271
22,279,323
196,205
7,66,97
213,308
214,244
258,314
18,258
207,214,326
199,311
199,282
18,103
199,214
103,279
103,323
182,233
84,118
25,153,167
28,76,91
71,72,196
71,196
49,133
49,174,196
184,187,196
49,187,196
49,184,196
167,318
174,187,196
71,184
187,189
49,169
18,251
183,187
50,170
187,189,196
184,189,196
133,150
50,72
9,128
81,174
49,72,174
150,276
75,303
9,219
228,299
134,136
9,228,299
113,251
291,301,305
113,197,249
12,197,249
12,113,197
133,217
105,197
197,251
134,278
9,288
197,219
22,75,279
53,174
202,280
217,292,301
112,113,249
24,314
28,32,76
49,177,188
49,118,196
241,261
38,61,130
118,170,196
16,33,65
118,317
16,36
16,108
203,213,215
49,170,317
49,170,196
8,114
112,219,243
9,172,205
28,114
28,64
41,76,85
66,115
29,117
20,239
64,115,116
29,64
97,111
112,217,249
49,312
41,61,91
29,312
117,173
310,326
17,122
10,205
148,311
213,310
282,303
222,263
263,303
122,124
147,256
49,80
100,177,317
272,311
223,297
223,244
244,253
174,244
147,244,297
49,271
50,271
136,288
112,217
25,149,167
25,152,167
122,244
199,257
211,224,228
6,112,217
105,112
82,94
184,297
255,326
49,244
61,264
199,214,255
212,230
147,184
18,211
44,295
136,285
222,298
211,222,249
46,90
49,50,271
184,244,297
147,184,244
210,263
122,210,221
6,306
182,264
31,132,176
178,264
82,87
178,238
62,189
2,153
101,111
4,16
4,17
85,210
150,269
81,107
80,153
80,318
207,256,296
152,214
39,152
4,28,108
17,85
153,279,318
46,218
1,74,152
279,321
25,271
25,152,153
26,149,152
74,109
81,102,271
25,153,271
25,152,318
276,288,299
152,318
153,271
25,271,318
81,102,152
148,203,215
26,81
203,257
244,257
83,175,302
283,314
175,312
4,85,108
61,83
61,312
61,302
107,108,130
4,108,130
5,217,222
28,302
108,175
147,214,244
4,85,130
61,225
27,39
39,128
5,230
272,288,299
230,243
20,230,243
285,288
111,284
65,101
46,228
282,326
223,257
121,237
223,326
72,317
5,211
20,212
82,122,284
59,225
12,222,249
53,303
228,248
63,280
52,156
24,72
24,52
142,235
44,298
89,113,134
156,162
81,154
95,158,169
88,312
28,210
94,239
228,295
95,146
207,257,326
5,298
51,317
51,100
51,170
5,228
113,212
5,197,230
212,222
12,212
5,89,230
113,219
113,230
12,89,112
106,306
241,252
88,191
6,251
108,239
84,94
108,261
94,161
175,239,261
108,239,261
175,261,302
12,216
63,188
83,249
10,313
38,174
168,270
53,250
13,228
258,316
205,316
210,250
133,287
239,250
298,317
9,133,258
