1,4
1,117,129
1,51
1,41
1,117
1,65
1,107
1,129
1,122
1,29,122
1,29,62,65,122,133
1,41,51
1,41,65
1,71
1,29
1,29,41,51,65,97
1,63
1,29,41,51,122,133
1,120
1,98
1,29,41
1,29,41,51,74,97
1,23
1,147
1,29,41,51
1,20,44,57,108,116,125
1,97
1,79
1,57
1,29,41,62,133
1,125
1,8
1,112
1,142
1,136
1,62
1,132
1,29,41,51,62,65,97,107,112,122,133
1,29,41,51,62,65,97,133
1,65,97,120
1,52
2,40
2,63,72,115
2,72
2,95
2,147
2,63
2,56
2,115
2,140
2,61,147
1,2
2,58,72,75
2,85,117,129
2,129
2,61
2,63,115
2,111
2
2,80,95
2,93
2,79,117
2,80
2,61,63,140
2,58,140
2,75,129
2,72,95
2,58
2,11
2,137
2,40,72
2,72,75
2,85,111
2,40,72,75,95,147
2,99
2,40,75,95,147
2,41,85
2,128
2,85
2,40,95
3,38
3,102
3
4,44
4,84
4,20
4,41
5,47,55,87,114
6,65,70
6,70
6,65
6,112
6,74
6,74,111
6,19
6,58
6,145
6,39
6,39,70
6
6,65,111
6,111
6,54
6,65,70,97
6,41,65
6,88
7,9,21,126
7,126
7,28
7,104
7,28,60
8,115
6,8,39,49,59,70,95,107,112,141
8,63,115
8,143
6,8,30,97,123,141
8,61
8,129
8,59,70
8,140
8,23,140
8,12
8,63
8,23,63
8,23
8,118
8,77
8,30,39,49,59,70,101,141,143,145
8,141
8,57
8,23,61,63
8,136
8,56
8,23,61
8,12,23,63,77,115,118,140
8,59,141
8,132
8
8,39,59
8,61,63
8,147
8,12,23,24,52,61,63,64,77,140
8,64
2,3,6,7,8,9,13,14,19,21,26,29,38,40,48,51,59,60,61,63,72,75,78,80,85,88,94,95,97,102,105,111,126,128,134,147
8,145
8,12,61,63
8,59
8,104
11,85
11,115
11,61
11,23
11,40
11,78
12,63
12,23
12
12,17,57
12,140
12,63,140
12,77
12,64
12,61
12,147
13
13,126
7,13
13,53
9,14,38,93,148
14,60
14,105
15,43
15,76
15,108
15
15,104,132
15,104
15,61,63
8,15
17,33
17,27,36,68,138
17,69
17,110
17,52
17,76
17,46
17,45,76,138
17,36,46
17,27
17
17,36
17,46,52,76
17,68
17,46,52
17,138
17,53
18,109
4,18,84,130
18,109,113
4,18,130
18,144
18,113
19
6,19,29,41,62,65,78,85
19,128
19,28
19,103
20,116,125
20,125
20,44,125
20,57
20,44,57,116,125
20,44
4,20,44,125
20,57,116,125
20,112
20,33
20,44,116,125
20,53
4,20,44,116,125,127
4,20,44,116,125
20,116
20
20,108
20,44,108,116,125
20,108,125
20,44,108,125
4,20,44,116
20,45,112
20,43,44,125
20,51
20,57,125
17,20
4,20,44
20,44,116
4,20,125
17,20,44,116,125
20,23,63,116,125
17,20,44,57,116,125
17,20,44,112,116,125
17,20,45,112,116,125
4,20,116,125
1,4,20,44,116,125
1,20,116,125
17,20,112
4,20,108,116,125
20,33,112
4,20,44,108,116,125
20,108,116,125
20,33,45,112
1,17,20,33,44,45,112
17,20,33,45,116,125
20,33,45
17,20,45,116,125,136
4,17,20,45,116,125,136
1,20
20,33,45,136
17,20,33,45,136
1,20,116
20,23
1,20,23,61,63,116,125,140
20,136
20,118
20,23,61,63,116,125,140
20,23,61,63,116
20,23,61,63
1,20,23,38,41,56,57,61,63,93,108,116,125,129,130
20,23,61,63,108,116,125,140
20,23,61,63,116,125
20,100
20,23,61,63,116,140
4,20,23,61,63,116,127
20,45
20,116,136
4,20,116
20,23,116
20,27,69,138
20,23,116,136
20,68
21
22,113
22,82
22,106
23,85,93
23,57
23,77,140
23,93
23,43
23,102
23,115
23,38,63,93
23,63
23,116
23,63,93,115
23,63,115
23,63,93
23,108
23
23,125
1,2,8,23,43,85,93,117
23,38,93
23,136
23,118
23,93,104
23,117
23,77
23,140
1,23,85
23,57,116,125
1,2,8,23,43,74,85,93,117,125
23,64
8,23,43,56
2,23,63,93,115
1,23,136
1,2,8,21,23,38,43,74,79,85,93,117,125,129,130,148
23,85
23,93,125
23,43,63,116,140
23,116,125
1,23,85,93,117,136
23,56
23,148
23,111
12,23,43
23,63,79,117
23,63,117
23,63,136
23,63,140
23,64,118,140
23,24
23,61
23,61,63
24,108
24,43
15,24
24,118
24,43,108
24,64,118
24,33,43
24,33
24,57
24,64,140
25,89
25,90
25,54,90
25,54
25,114
25,78
25,143
26,117
26,103
26,64
26,140
27,33,76
27,138
27,36
27,68,138,146
27,146
27,45,138
27,45
27,45,69,96,138
27,96
27,36,46
27,76
27,53
27,69
27,45,76
27,46
27,45,68,138,146
27,36,110
27,68,146
28,51
28,79
28,63,79
28,63
28,136
28,93
28,134
14,28
9,28,51
9,28
28,107
28,148
28,65
28,128
14,28,60
28,29,51,65
28,41
28,98,148
28,41,51
28,98
29,97
29,41
29,65
29
6,30
30
30,54
30,40
30,74
7,32
14,32
4,32
32,104
32,137
33,112
33,45
33,45,112
33,45,53
33,53
33,45,53,112
33
17,33,112
33,46
33,45,46,112
27,33,45
33,69
33,138
33,52,76
27,33
33,52
33,76
33,53,112
33,142
33,45,46,53
33,110
17,33,46,76
36,46
36,112
17,36,46,76
36,76
36,45,53,110
36,45
27,36,138
17,33,36,45,76
33,36
33,36,45,46,76
36,138
36,45,46,68,138
36,68
36,46,52
17,33,36,45,46,76
36,52
37,135
37,85
37,117
37,48,135
37,48
37,48,85,89,99
26,37,48
37
37,85,117
37,103
37,50,89
37,48,85
37,89
37,48,103,135
26,37
19,37,48,66
37,48,85,135
37,85,99,135
19,37,48,85,135
19,37
37,50
37,78
37,48,78,135
37,85,99
37,59
37,59,99
37,99,135
37,99
30,37
37,50,135
37,48,128
37,48,50
37,91
37,59,78,79
37,88
37,73
37,73,88
37,46
37,53
38,60
38,144
39,70
39,101
39,59,70
39,59
39,112
39,145
39,95
39,59,80
39,80
39,70,145
39,40
39,59,70,80
39,41
39,142
39,123
40,75,147
40,80
40,147
41,115
41,107
41,117
1,4,41
41,65
1,29,41,65,97,107
41,133
41,51
41,98
29,41,51
41,58
1,41,62
41,122
41,63
41,62
1,29,41,62,65,122,133
41
1,29,41,51,62,65,97,107,122,133
1,41,65,97,107
41,65,97
29,41,62,122,133
29,41,51,62,107,122,133
41,136
41,142
41,62,107,133
41,112
29,41,51,133
1,41,65,97
2,41
41,75
29,41,51,62,65,107,133
41,62,122,133
41,51,62,65,107,112,133
41,62,133
1,29,41,51,62,65,107,133
41,97
1,41,51,61,63
4,41,84
41,62,65,97,112,122,133
1,29,41,51,107,133
41,136,137
6,29,41,51,62,65,97,107,120,136,145
4,41,84,130
41,51,120
41,51,97
29,41,51,62,65,97,120
41,145
41,84
41,51,62,65,97,107,120,136,145
41,85
29,41,51,62,65,97
41,51,97,120
41,128
29,41,51,62,65,97,120,136,145
2,41,63
41,59
41,120,145
41,59,120,145
29,41,51,62,65,97,120,145
41,120
41,61
28,41,148
42
32,42
42,137
42,130
42,113
42,131
42,106
42,119
42,121
43,132
43,61
43,104
25,43
43,104,132
43,57,104,108
43,108
43,108,132
43,140
43,93
12,43,63
43,56
23,43,63,115
43,57
43,63
43,116
23,43,63
43
43,77,115
43,104,108,132
12,43
43,115
23,43,140
12,23,43,57,61,63,116,140
44,127
32,44,130,137
44,125
18,44,109
4,44,108,116
18,44
44,109
44,137
1,20,44,108,125
4,18,32,44,84,108,109,125,130
17,44
1,4,17,18,32,44,84,108,109,130
4,18,32,44,84,109,130,137
4,32,44,116,125
44,108,125
32,44
4,44,108,125
44
44,108,125,144
4,18,44
44,113
44,108
4,44,57,108,116,125
1,4,12,20,41,43,44,51,57,108,116,125
18,44,125
43,44
1,4,17,18,20,43,44,57,92,93,108,109,113,116,125,130,137,144
46,52
46,76
8,46
46
33,46,76
36,46,53
33,46,52
17,33,45,46,76
46,68
27,45,46,76
45,46
17,33,46
17,33,36,46
47
5,47
47,114
5,47,55,87
47,90
12,47
47,55
5,47,87
5,47,55
47,87,114
47,86,114
47,55,86,104,114
47,104
48,95
48,85
50,85
51,128
51,145
51,63
52,57
52,140
52,76
45,46,52
52,102
52,63
52,56
52,115
27,52
52,77
53,138
53,64
45,53
53,110
13,53,69,138
27,45,53,138
27,36,45,46,53
53,69
27,53,110
45,53,68,138
53,68
53,96
27,53,68,138,146
45,53,138
45,53,69
54,55,132
54,108
54,90
54,86
54,136
54,103
54,143
54,137
54,62,137
54,136,137
54,137,143
54,117
54,83,117,136
54,83
55,132
5,47,55,114,132
55,129
5,55
5,47,55,114,132,136
55,104
55,114
55,104,132
55,61
55,114,132
5,47,55,63,114,132
25,55,114
55,57
5,25,47,54,55,90,104,114,132
25,55,104,132
25,55,132
25,55
43,55
55,130
55,130,148
54,55
25,55,104
5,25,47,55,114,132
21,55,130,148
55,61,132
5,47,55,104,114,132
47,55,61,132
5,55,114,132
25,47,55,104
25,47,55,104,132
5,54,55,114,132
43,55,132
5,25,47,54,55,104,114,132
46,55
55,61,147
5,55,87
5,55,87,114
5,55,87,114,132
55,87
25,47,55
2,55,93,115
21,55,93,130,148
5,55,114
25,47,55,132
2,55,72,95
47,55,132
55,108
55,143
2,55,95
55,73
55,147
55
2,55
2,55,61
5,47,55,87,114,132
47,55,90
47,55,114
56,140
56,116
56,61
3,56
56,138
17,56
12,56
56
43,56,57
56,125
36,56
56,118
56,93
56,64
56,63,115
56,63
56,115
56,139
56,57
56,117
56,111,117
56,61,140
56,111
56,102
12,56,115
2,56,61,129
56,115,140
56,147
52,56,76
57,116
57,64,118
57,125
57,116,125
57,118
57,115
17,57
20,44,57
57
57,140
57,77
44,57,125
20,23,44,57,63,116,125,140
12,57
44,57
57,64
57,108
23,57,63
1,20,57,116,125
1,4,20,44,57,116,125
15,57
1,4,12,23,41,43,44,57,63,64,118,125,140
1,43,57,85,125
17,57,125
12,57,64,118
46,57
57,63
57,133
24,57,116
24,57,64,118,140
57,63,118
43,57,61,63,64,108,118,140
58,115
58,75
58,61
48,58
41,58,62
58,132
58,78
59,80
59,101
29,41,51,59
51,59
60,94
7,60
2,3,21,41,61,85,130,136,142,147,148
61,77
61
61,63
15,61
61,136
21,61
61,128
61,140
23,61,63,76,77
61,116
61,147
61,63,140
61,64
2,3,8,12,21,41,61,85,130,136
61,104
2,41,61,85,136,148
47,61
8,12,61,63,147
2,8,12,41,61,85,136,148
12,61,147
3,61
61,125
8,41,61,63,85,136,140,148
47,55,61,104
62
19,62
62,65,97
41,62,65
62,65
62,120
62,129
41,51,62,65,97,112
62,122
62,137
41,62,65,97,107
6,62
62,120,128
62,97
63,79
63,140
63,115
63
63,93
63,148
63,136
12,23,63
1,2,21,63,74,85,93,115,117,129,148
63,116
1,8,23,63,93,115,117
63,129
63,111
63,117
63,85
63,95
12,57,63,118
63,147
63,125
1,2,8,63,85,93,117
1,2,8,9,14,21,41,51,63,74,79,85,93,111,128,129
63,64
23,63,93,140
63,93,140
41,63,85
63,130
2,3,7,8,12,21,23,24,38,41,46,52,59,61,63,64,65,76,77,80,85,91,95,97,98,101,102,107,120,127,130,136,140,142,145,147,148
8,64,116
8,12,23,24,46,52,61,63,64,76,77,116,140
15,64
65,98
1,29,41,62,65,97,122,133
65,97
65,70
4,65,98
6,29,62,65,97
65,71,97
65,71
65
6,62,65,70,97
62,65,71
62,65,71,97
6,62,65,97
6,29,62,65,71,97,122
4,65
6,62,65,70,71,97
6,65,70,71,97
65,145
6,65,112
6,62,65,71,97,112
6,65,71
62,65,71,97,112
1,29,41,51,62,65,71,107,122,133
65,120
1,6,29,41,51,62,65,107,112,120,122,133
65,122
65,97,122
6,65,71,97
65,112
6,65,97
65,84
59,65
65,66
66,117
27,68
45,53,68
68
68,112
27,45,53,68
68,138
45,68
17,45,68
45,68,138,146
27,68,138
68,69,96
68,138,146
68,146
68,110
68,76
68,96
68,69,96,138,146
45,69
13,69,138
36,69,96,138
45,69,96
69,138
45,68,69,96,138
36,69,138
27,36,69,146
69,96
27,45,69,96,110,138
59,70
70,128
66,70
39,59,70,145
70,101
70,103,128,143
70,107
70,145
6,19,59,65,70,80,145
70
6,62,65,70,80,133,145
6,65,70,145
70,83
6,39,65,70
72,75
40,72
73,108
73,114
73
43,73
73,87
15,73
73,104
73,132
73,125
73,144
25,73,104
25,73
73,90
73,86
33,73
63,74
74
8,75,80,112
75,129
1,2,8,58,61,63,75,85,112,117
2,40,72,75
40,75
75,147
40,72,75,147
75,95
45,76
45,46,76
33,45,76
64,76
3,61,77
77,140
3,61,77,140
77,115
23,77,115
77,147
43,77
23,63,77
8,56,77,115
77
77,118
23,61,63,77,115,140
12,57,77
76,77
64,77
23,52,77
63,77
75,78
2,79
19,79
79,85
79,148
72,79
59,79
79,91
78,79
2,9,40,51,63,72,78,79,85,91,128,136
50,78,79,85,99
79,135
80,95
80,112
2,72,80
40,80,95
2,40,72,75,80,95
80,147
81,119
82,119
82,144
83,117
83,103
83,143
83,132
83
26,83
78,85
85,115
1,74,85,117
61,85
85,117,129
1,85
1,11,41,66,74,78,85,117,129
66,85,117
2,63,72,85
58,85
1,2,41,58,66,72,78,85,117,129
1,41,66,85,117,129
1,2,11,58,72,74,75,78,85,111,117,129
11,37,48,78,85,89,99,135
85,139
1,2,74,85,111,117,129
85,90
1,2,11,41,74,78,85,111,117,129
37,85,135
1,2,11,41,58,72,74,75,78,85,117,129
85,89,99
11,58,85
11,58,78,85
11,48,85,99
11,48,78,85,99
85,117
48,85,89,99
85,111
23,63,85
1,41,85
1,2,11,41,58,63,66,74,78,85,111,117
40,85
59,85
85,99
58,78,85,99,135
66,85
11,37,48,50,58,78,85,89,91,99,135
74,85
79,85,99,135
8,85
79,85,99
86,112
86
33,86
86,111
69,86
50,86
33,86,112
86,142
86,108
71,86,123
71,86
71,86,142
86,132
37,86
86,90
55,86
86,123,142
86,136,142
86,95
86,136
86,143
86,137
86,104,132
86,136,137
86,114
86,87
54,88
86,88
73,88
5,90
90,103
90
5,25,90
78,90
90,142
86,90,142
90,143
25,90,143
71,90
90,137
54,90,137,143
90,123,142
90,123
87,90
90,128
86,90,123
91,128
40,91
40,91,95
4,92
32,93
61,63,93
61,93
93,129
38,93,129
3,93
43,93,104
93,141
93,147
14,32,93
38,93
93,144
28,94
95
95,147
40,95
95,128
72,95
96
33,96
45,96,138
96,146
45,69,96,138
27,68,69,96,138,146
96,138
68,96,138
46,96,138
97,107
4,97
51,97
97,123
59,97
98,148
79,98
99,100
11,99
11,37,48,58,78,89,99,135
86,99
39,59,70,80,95,101,112
70,80,95,101,145
79,101
80,101,112
80,101
101,141
101,112
93,102
7,102
94,102
64,102
21,102
9,21,102
9,102
102
103,117
104,132
93,104
104,108
43,104,108
104,116
21,104
43,93,104,108,140
43,57,93,104,108,140
23,43,57,93,104,108,140
43,57,93,104,108
57,104,116
104
93,104,108
23,104
93,104,148
104,125
104,141
104,108,132
100,104
38,105
34,106
34,106,113
106,113
106,144
106,109,113
34,106,131,144
106,121
51,84,107
107,112
95,107
62,107
4,6,29,41,51,62,65,75,80,84,85,95,97,107,120,136,137,145
77,108
108,140
43,57,93,108,116
108
47,108
108,114
43,108,140
61,108
20,44,57,108,116,125
23,63,108
20,43,44,57,108,116,125
26,99,108
43,93,108
20,43,44,108,125
43,57,108
108,125
57,108,125
108,132
104,108,116,125
108,116,125
20,57,108,116,125
109,113
109,131,144
109,144
92,109
106,109,113,144
110
27,110
27,45,110,138
110,138
36,110,138
53,68,110
27,110,138
45,110,138
69,96,110,138
17,27,110
68,110,138,146
96,110
45,110
110,146
111
111,137
6,88,111
64,111
6,85,111
111,140
27,112
53,112
45,112
45,53,112
27,45,53,112
17,112
27,53,112
110,112
112
17,45,53,112
53,68,112
27,45,53,68,112
17,45,112
95,112
80,95,112
27,68,76,112
45,76,112
20,27,45,53,112
75,112
45,53,68,112
27,45,53,68,76,112
6,80,112
27,45,112
112,123
71,112
62,112
113,131
34,113
18,106,109,113
113,144
114,132
5,114
5,47,114
5,47,55,114
2,114
108,114,132
90,114
104,114
47,104,114
85,114
15,114
114,137
72,75,114
5,87,114
87,114
55,87,114
114,143
93,114
5,114,143
114,137,143
114
47,55,87,114
12,115
115,117
115,147
115,118
3,115
115,140
115,116
61,63,115,140,147
115
1,2,41,56,63,93,115,117,129
61,115
1,2,41,56,85,115,117,129
115,129
15,115
57,115,118
117,129
39,117
59,117
117,128
11,41,117
79,117
1,66,85,117
2,117
26,117,143
38,117
19,117
71,117
61,117
61,63,117
3,118,127
12,46,57,61,76,118,140
46,118
12,77,118,132,142
8,12,23,24,52,61,63,76,116,118,140
17,33,45,118,136,147
67,119
22,42,67,119,121,131,144
22,119
119,121
107,120
120
51,120
97,120
59,120
22,121
42,106,121
67,121
113,121
121,144
121,131
123,136
123,142
103,128
61,129
23,129
129,140
78,129
94,129
60,129
7,28,60,129
84,130
21,130
41,130
51,130
127,130
131
18,32,84,92,109,130,131
92,131
131,137
32,131
4,18,84,92,109,130,131
131,144
4,131
84,131
109,131
18,109,131
18,131
119,131
106,131
34,131
131,141
127,131
4,18,84,106,109,130,131
15,132
47,132
47,55,114,132
15,25,43,47,54,55,86,90,104,108,114,132
54,132
104,114,132
61,132
5,132
25,104,132
132
25,132
5,15,25,43,47,54,55,86,90,104,108,114,132
5,47,132
3,132
132,147
5,55,132
5,55,87,132
61,132,147
55,87,114,132
25,73,132
87,132
2,95,132
15,108,132
62,133
1,62,65,133
122,133
1,62,133
1,41,62,133
1,41,133
99,133
98,133
1,133,136
107,133
1,133
134
13,102,126,134
136,142
71,136,137,142
39,136
136,137
71,136
9,136
41,136,142
51,79,136
62,136
137,143
41,137
87,137
71,137
54,90,137
45,138
36,46,138
27,45,68,138
17,27,138
27,45,68,69,138
77,138,146
138,146
33,45,138
36,45,69,138
33,45,46,69,76,138
45,69,138
76,138
68,96,138,146
45,76,138
45,138,146
36,96,138
45,46,52,76,138
45,46,76,138
139,141
139
40,139
120,139
137,139
117,140
140,147
63,85,140
61,140,147
118,140
61,63,77,140
64,140
123,136,142
97,142
59,142
86,97,136,142
143
81,144
127,144
22,42,67,81,119,121,131,144
67,144
144
34,144
18,84,106,109,130,144
119,144
42,144
22,144
42,121,144
22,42,67,82,119,121,131,144
22,42,81,82,119,121,131,144
22,42,82,119,121,144
22,42,82,106,119,121,144
29,41,65,145
29,145
146
45,146
27,138,146
3,147
111,147
61,63,140,147
41,148
61,148
140,148
