0.004132231404958678 0.014417327613762599
0.008264462809917356 0.02665448824494261
0.012396694214876033 0.037586877645345
0.01652892561983471 0.048129096890791895
0.02066115702479339 0.05748312609318257
0.024793388429752067 0.06654277723496889
0.028925619834710745 0.07546413580088146
0.03305785123966942 0.08420408380806442
0.0371900826446281 0.09272826630888557
0.04132231404958678 0.10119399000341327
0.045454545454545456 0.10937653417418713
0.049586776859504134 0.11745948789307059
0.05371900826446281 0.12543368946373026
0.05785123966942149 0.1331891980474388
0.06198347107438017 0.1409142969328943
0.06611570247933884 0.1484652148360969
0.07024793388429752 0.1559946244148775
0.0743801652892562 0.16344007171320452
0.07851239669421488 0.17079632190752073
0.08264462809917356 0.17808342718411937
0.08677685950413223 0.18531827338043497
0.09090909090909091 0.19254166617961
0.09504132231404959 0.19970970104272417
0.09917355371900827 0.20679275930496127
0.10330578512396695 0.21379627503613569
0.10743801652892562 0.22074168968674848
0.1115702479338843 0.22762820118799582
0.11570247933884298 0.2344514043527968
0.11983471074380166 0.2411738758523999
0.12396694214876033 0.24788368760054416
0.128099173553719 0.2545001530897164
0.1322314049586777 0.2610000131409498
0.13636363636363635 0.26745979749579085
0.14049586776859505 0.2738597638523811
0.1446280991735537 0.2802402604724416
0.1487603305785124 0.286588698844196
0.15289256198347106 0.2928670416928517
0.15702479338842976 0.29910300479520613
0.16115702479338842 0.30526458880311647
0.1652892561983471 0.3114223027920597
0.16942148760330578 0.31749859647788914
0.17355371900826447 0.323568286189096
0.17768595041322313 0.32959474920498266
0.18181818181818182 0.3355965530203527
0.1859504132231405 0.34151886485015515
0.19008264462809918 0.3473580307975226
0.19421487603305784 0.35316038903271824
0.19834710743801653 0.3588901478649626
0.2024793388429752 0.36459460028396584
0.2066115702479339 0.37022398622190034
0.21074380165289255 0.37583258179822837
0.21487603305785125 0.3814092098147534
0.2190082644628099 0.3869488850806699
0.2231404958677686 0.3924588722146065
0.22727272727272727 0.39789890151066526
0.23140495867768596 0.4032913739177468
0.23553719008264462 0.40861858412443236
0.2396694214876033 0.4139159575508873
0.24380165289256198 0.4191654587620201
0.24793388429752067 0.4244054312392556
0.25206611570247933 0.42963474353758463
0.256198347107438 0.434834198151976
0.2603305785123967 0.4400169423562295
0.2644628099173554 0.44518225617664986
0.26859504132231404 0.4502859302893883
0.2727272727272727 0.45536160056870584
0.2768595041322314 0.46039646288547553
0.2809917355371901 0.4654248688928416
0.28512396694214875 0.47040336823782714
0.2892561983471074 0.47536918214702856
0.29338842975206614 0.48031225312167486
0.2975206611570248 0.4852462263161464
0.30165289256198347 0.49016495666922605
0.30578512396694213 0.4950443695466291
0.30991735537190085 0.4999113961012416
0.3140495867768595 0.5047354357792061
0.3181818181818182 0.5095446568086585
0.32231404958677684 0.5143350652581838
0.32644628099173556 0.5191219787548228
0.3305785123966942 0.5238658068000345
0.3347107438016529 0.5285808143737574
0.33884297520661155 0.5332761895019966
0.34297520661157027 0.5379455252486336
0.34710743801652894 0.5425810070897565
0.3512396694214876 0.5471892126909463
0.35537190082644626 0.5517746788374692
0.359504132231405 0.5563266882730633
0.36363636363636365 0.5608379130237721
0.3677685950413223 0.5653037968162656
0.371900826446281 0.5697427863709464
0.3760330578512397 0.5741663455953365
0.38016528925619836 0.5785731371590612
0.384297520661157 0.5829593511209622
0.3884297520661157 0.5873262699758423
0.3925619834710744 0.5916755181178266
0.39669421487603307 0.5960134996967154
0.40082644628099173 0.600339706833291
0.4049586776859504 0.6046571701071586
0.4090909090909091 0.6089571137464042
0.4132231404958678 0.6132188685702918
0.41735537190082644 0.617433610307453
0.4214876033057851 0.6216218358110539
0.4256198347107438 0.6257895902486051
0.4297520661157025 0.6299416785961808
0.43388429752066116 0.6340669781529593
0.4380165289256198 0.6381800266443383
0.44214876033057854 0.6422799986933762
0.4462809917355372 0.6463274189712673
0.45041322314049587 0.6503469989003988
0.45454545454545453 0.6543517020082463
0.45867768595041325 0.658336888537894
0.4628099173553719 0.6622953608594103
0.4669421487603306 0.6662383970283559
0.47107438016528924 0.6701571060914504
0.47520661157024796 0.6740710514385932
0.4793388429752066 0.6779485496487996
0.4834710743801653 0.6818238455496897
0.48760330578512395 0.6856528810857039
0.49173553719008267 0.6894174825295163
0.49586776859504134 0.6931686325485499
0.5 0.6969148958976973
0.5041322314049587 0.7006385929852561
0.5082644628099173 0.7043470835203095
0.512396694214876 0.7080534414719736
0.5165289256198347 0.7117250496844798
0.5206611570247934 0.7153595587492484
0.5247933884297521 0.7189890444094444
0.5289256198347108 0.7225979794840286
0.5330578512396694 0.726202490198804
0.5371900826446281 0.7297787550089446
0.5413223140495868 0.7333465824965528
0.5454545454545454 0.7368720566509278
0.5495867768595041 0.7403880543798329
0.5537190082644629 0.7438874592578377
0.5578512396694215 0.7473794503924216
0.5619834710743802 0.7508491922486525
0.5661157024793388 0.7543159737427289
0.5702479338842975 0.7577675510843508
0.5743801652892562 0.7611996960112535
0.5785123966942148 0.7646163957303471
0.5826446280991735 0.7680139789837591
0.5867768595041323 0.7714038073720233
0.5909090909090909 0.7747687103559878
0.5950413223140496 0.7781179679308547
0.5991735537190083 0.7814271277788454
0.6033057851239669 0.7847234256879795
0.6074380165289256 0.7879999409754224
0.6115702479338843 0.7912233639396763
0.6157024793388429 0.7944158683837916
0.6198347107438017 0.7975908887545651
0.6239669421487604 0.800746661927765
0.628099173553719 0.8038941209153254
0.6322314049586777 0.8070160292213191
0.6363636363636364 0.8101360993718308
0.640495867768595 0.8132406061292866
0.6446280991735537 0.8163393471568121
0.6487603305785123 0.8194102337799924
0.6528925619834711 0.8224714198867132
0.6570247933884298 0.8255097629577521
0.6611570247933884 0.8285193961814793
0.6652892561983471 0.8315177705282831
0.6694214876033058 0.834510799029337
0.6735537190082644 0.8374882265288836
0.6776859504132231 0.8404458957802051
0.6818181818181818 0.8433831953834127
0.6859504132231405 0.8462971190152456
0.6900826446280992 0.8491899934778764
0.6942148760330579 0.8520751235246906
0.6983471074380165 0.8549096466806636
0.7024793388429752 0.8577417270889542
0.7066115702479339 0.860551504956269
0.7107438016528925 0.8633354329157953
0.7148760330578512 0.8661097118952087
0.71900826446281 0.8688740771433197
0.7231404958677686 0.8716224654200398
0.7272727272727273 0.8743570164670127
0.731404958677686 0.877071585139325
0.7355371900826446 0.8797599897663397
0.7396694214876033 0.8824392951028301
0.743801652892562 0.8850757373775681
0.7479338842975206 0.8876921053856757
0.7520661157024794 0.8902903302425744
0.756198347107438 0.8928602960020979
0.7603305785123967 0.895425504360204
0.7644628099173554 0.897960593203855
0.768595041322314 0.9004946410521236
0.7727272727272727 0.9030053897466247
0.7768595041322314 0.90549988589128
0.78099173553719 0.9079814837532573
0.7851239669421488 0.9104453693294771
0.7892561983471075 0.9128800843199026
0.7933884297520661 0.9152885394950334
0.7975206611570248 0.9176509010442305
0.8016528925619835 0.920009631888801
0.8057851239669421 0.9223358946629686
0.8099173553719008 0.9246224422608188
0.8140495867768595 0.926891791637442
0.8181818181818182 0.9291542453593022
0.8223140495867769 0.9313896697862944
0.8264462809917356 0.9336087589220675
0.8305785123966942 0.9358011050577151
0.8347107438016529 0.9379183069522555
0.8388429752066116 0.9399935646847757
0.8429752066115702 0.9420583067693228
0.8471074380165289 0.9440831953729664
0.8512396694214877 0.9460975292022125
0.8553719008264463 0.9480865289572499
0.859504132231405 0.9500519238961224
0.8636363636363636 0.9519948299783464
0.8677685950413223 0.9538907384361468
0.871900826446281 0.9557420737806275
0.8760330578512396 0.957588299757635
0.8801652892561983 0.9594270467408395
0.8842975206611571 0.961258041473878
0.8884297520661157 0.9630707735575764
0.8925619834710744 0.9648287212990114
0.8966942148760331 0.9665129069236603
0.9008264462809917 0.9681838037361093
0.9049586776859504 0.9698420667756854
0.9090909090909091 0.971485722111905
0.9132231404958677 0.9730874609353336
0.9173553719008265 0.9746610039631534
0.9214876033057852 0.9761833013699414
0.9256198347107438 0.9776800215379847
0.9297520661157025 0.979162850387529
0.9338842975206612 0.9806274964723433
0.9380165289256198 0.9820780355690124
0.9421487603305785 0.9834620140117991
0.9462809917355371 0.9848347509564163
0.9504132231404959 0.9861998682925415
0.9545454545454546 0.9875410484455023
0.9586776859504132 0.9888817781276027
0.9628099173553719 0.9902123328951538
0.9669421487603306 0.991483452569269
0.9710743801652892 0.9927047800143712
0.9752066115702479 0.9938789622301561
0.9793388429752066 0.99502797300821
0.9834710743801653 0.9961708246021349
0.987603305785124 0.9972316200208241
0.9917355371900827 0.998256041998245
0.9958677685950413 0.9991414147964948
1.0 1.0000000000000002
