21.048279270365807
19.391640184252864
18.328704097261355
17.99866259457457
16.954054481458503
16.68514368940082
16.557307370823537
16.388101241837777
16.18454831213195
16.128956054535628
15.856903853644
15.760110558862516
15.653729270202703
15.437584761509182
15.407289302507495
15.232601755692038
15.2108917209462
15.125843779118258
15.03496631925534
14.964139067938412
14.910385265531596
14.898578365933087
14.841379427419676
14.753145337191118
14.670072764075119
14.609094660473696
14.547013848959837
14.479993440991935
14.372711181656145
14.359171466652441
14.258939933135721
14.132735033048332
14.089099099655389
14.023714421352896
14.002366965546967
13.967145833191605
13.889823519265457
13.842864955356962
13.760062317412537
13.755740371431664
13.664495185401242
13.657067589188955
13.608349716816573
13.580479720632288
13.490245372786978
13.395212965707305
13.352927252453973
13.269128048068406
13.239792988696992
13.152391436038958
13.128081865412936
13.090615047422208
13.047171388709057
13.012163334309097
12.929294653560602
12.872656470099994
12.794523923977858
12.75864365916436
12.700863069764235
12.689330725178918
12.676416592055942
12.640175665141374
12.619847330792343
12.598608192482908
12.523210523277873
12.488805868182498
12.438500075652808
12.430522442775803
12.368682483274425
12.352914458371831
12.324594434702716
12.313247430833075
12.294212663679794
12.244977676979214
12.229425947144277
12.17529939115129
12.15658475946444
12.132784562723655
12.128357878881173
12.073652802748184
12.036921023788906
12.011835093592547
11.978481462957065
11.93497890638552
11.899813020336136
11.870416556149314
11.827032508045715
11.773929903160255
11.714612373422122
11.679285510072534
11.65896871109448
11.63685086102313
11.609649815358683
11.58408604472561
11.560624816809739
11.545641425995978
11.529961799582527
11.518304082749202
11.49491052989865
11.443752181135588
11.380456881919319
11.344601425354357
11.316842585788374
11.295553232695188
11.259055470164789
11.242324808133882
11.22443945570941
11.152272311924387
11.11385044178137
11.09326470436202
11.066200651964678
11.02904782689212
11.007522811038337
10.973514058852498
10.966842142219145
10.915660424428392
10.912560090943392
10.847231581660923
10.755577054110576
10.736344300313933
10.72934883653009
10.696984986602285
10.675120872929586
10.672051044512747
10.621904196616862
10.568104326286244
10.560798495008155
10.530857795397914
10.52440068385553
10.4830835802645
10.470710141471502
10.40837620812144
10.394378009843741
10.369822201764736
10.358831766885212
10.325778299969386
10.321372415113636
10.298714489231264
10.269682636712496
10.246548963823257
10.217843989516378
10.206176391919309
10.168584158782666
10.144916757572853
10.084005799725766
10.064389621322432
10.03414362403844
9.952515474419462
9.904669053694786
9.877509856917351
9.847525264718024
9.834544586748597
9.794545437889495
9.791661536995353
9.767209844672198
9.758135735622423
9.714179072042466
9.698824045905065
9.662569235454505
9.616809207419509
9.598804368406306
9.590243626148641
9.565216653770362
9.533426373757873
9.500541011277402
9.46266132135132
9.428421891397258
9.415793180001037
9.332848550142245
9.3288262319739
9.292021528424996
9.24917954568331
9.23313699445628
9.216625180031999
9.189952304301585
9.166788921014167
9.133234954356919
9.089113586237724
9.073718845380613
9.000846330230473
8.966513955888342
8.9353708164597
8.886646039108278
8.878416955530076
8.826139874064518
8.82432752845478
8.783666468697719
8.75519114749168
8.732526593185787
8.701306791031975
8.649644902583528
8.602872722329062
8.520153052925606
8.513603239686946
8.454805070928293
8.382321941702065
8.350738709494657
8.338041761651612
8.288085256381192
8.257747274721527
8.207837985871288
8.065946752696338
7.985649307514812
7.965391359879715
7.8881431212524955
7.867557704834656
7.817926417698348
7.771397626978754
7.7268079438189
7.632782651153471
7.542525028168437
7.532109800544944
7.516838168198799
7.5009757466309175
7.463474003435911
7.349828307284339
7.193979431429689
7.165541720606022
7.138400727273241
7.106889954592487
7.015684735301096
6.953661172495824
6.8394939149901
6.781792834037608
6.750247974529969
6.708733825414192
6.676347497063531
6.521370528377435
6.494831296588338
6.476780884188527
6.419744926423144
6.41866671523484
6.394264418373395
6.2498189146474035
6.126187318434501
6.00678327466983
5.942049494813818
5.926102144725189
5.70939422538859
5.610656195505883
5.215996617849017
5.136483692032879
