30.36970863541932
28.309475534109858
27.52379881182254
24.844711960691424
24.77295195458184
24.665243280111305
24.149878367145224
23.690988415548397
23.647097026351116
23.06140761532314
22.99793797081019
22.984630528490232
22.573250475884915
22.41678476662468
22.359748979884824
22.24133589383728
22.232933114852067
21.973715891297477
21.690071903769176
21.661508313891506
21.209069918225925
21.122892816431918
20.83720563808435
20.793958058779882
20.667134558205422
20.62261459622527
20.557587950313543
20.491327800442917
20.23414907599136
20.231283089432573
20.12587382658896
20.040754012262738
19.86035526560595
19.84940017717153
19.701195092848046
19.50395574802769
19.458739256276225
19.448724049113732
19.19791316362328
19.180557297294584
19.174720697161487
19.02038415286884
18.96122896865327
18.884589509233468
18.840779391895417
18.747287852582332
18.74424212314914
18.731423703026298
18.71335392274678
18.701029724782938
18.66594856257893
18.653212310559923
18.61471746589579
18.58162640004656
18.412591401830273
18.379634327334273
18.34988498621971
18.320863425822566
18.284666573292064
18.23219360937174
18.169033953766203
18.125824694650202
18.113673880589317
18.10063326705518
18.062444749955922
18.015262089904613
17.936344725171153
17.884829151113603
17.867226775338043
17.81806524282164
17.797926384681425
17.79153218753376
17.77572717001683
17.763346739889936
17.71915875356983
17.71198314505348
17.666341711453832
17.648164447897553
17.642301444025648
17.60054715669752
17.591002090609166
17.574993347731805
17.560600766894133
17.540137247665687
17.528063639772338
17.517137444113164
17.504736483682958
17.492812545049023
17.451786539463978
17.431288170031372
17.417738459876517
17.405574634435357
17.37383671110102
17.353351752866008
17.33736022616626
17.324045746372047
17.291583295596926
17.254746367511657
17.240211241405095
17.21494321157247
17.196629708870894
17.14544914968568
17.143603294751923
17.130269972470348
17.10341147254323
17.088912084339572
17.08620072044252
17.029384556638412
16.95438937033065
16.944101221015018
16.943129503502547
16.911138319526742
16.87908282589444
16.84909876581811
16.823832670434374
16.769543250658437
16.732280209562905
16.707708121087332
16.698003912434775
16.69126721779358
16.670943475861954
16.635657274358348
16.60508561941738
16.589753928418954
16.58083714450338
16.5689248961227
16.561476749063107
16.54019376910567
16.50801333893657
16.495262802561307
16.4871282085113
16.47675194913424
16.460311430848535
16.454534691009712
16.434176029603076
16.41902945152908
16.406519344364828
16.38315816990121
16.35988045484935
16.346106983511785
16.343160248571017
16.316389270892504
16.276152370832865
16.217568012673812
16.20896831737405
16.19852023944187
16.182592892144843
16.171913661851754
16.153456546978525
16.13162974302461
16.122970361783985
16.112171464695198
16.09805392217726
16.08689479425742
16.069766798624077
16.051510068153867
16.041577840258874
16.036628245949135
16.009286948717698
15.981793525957366
15.962028900521206
15.960370224271044
15.943024675770626
15.937370042020923
15.927213193529147
15.915110411307444
15.869663997524002
15.862130053166645
15.844525152613109
15.84148244302236
15.825775861288202
15.816195942109431
15.801661910025175
15.794516842715742
15.774759269506914
15.767787480793077
15.755910574780906
15.74870588403574
15.734748317284092
15.731041495982232
15.726783298696786
15.70777874722494
15.691961235685245
15.689526671326684
15.653332033798069
15.644105550396473
15.623175109826915
15.60927671704594
15.594358174437
15.584047978340525
15.573121538791852
15.572228667887318
15.568568122329443
15.55640682443515
15.540973070723373
15.527053830836847
15.515031403870498
15.503971959326474
15.491458122089105
15.473234416847225
15.468915200553992
15.468266446540682
15.465482290999585
15.457669163662652
15.454606279821933
15.435611855042602
15.427821175265787
15.409126904752128
15.408116847502333
15.401412099881773
15.392792079551944
15.390661151421927
15.368895930041923
15.361343352919315
15.350171674197444
15.343883935187018
15.333217977525026
15.319352607525461
15.311832031533678
15.291358726123137
15.270267026988037
15.255522563127705
15.237815103071275
15.212405154734519
15.206252714558865
15.188855154107804
15.179346454966916
15.16693595360722
15.162947918837125
15.159487980670509
15.139634434018165
15.135860110431068
15.125485593743704
15.12079248614554
15.099300950565409
15.090789174833194
15.079677312890498
15.073493553859857
15.062995975297415
15.053869116166918
15.050901648487928
15.045224069153457
15.036584797210814
15.032788078902687
15.02590311874936
15.008389314874774
15.006753180930605
14.99675461032757
14.989982461434208
14.97279840563099
14.959392509920663
14.95476431183558
14.935452384361538
14.926559690897431
14.92451861163987
14.918981389336079
14.9134805300749
14.912039639226421
14.902626911484905
14.894849359304782
14.87901833953645
14.873844233431301
14.870161423042068
14.864485281236503
14.856656638352359
14.85487272921577
14.842371543580315
14.835928959936409
14.82954054175818
14.825346024185267
14.81888185028744
14.813727044219517
14.790192470197434
14.784916166741308
14.782698478713932
14.771529529098686
14.763017858612365
14.757989368093558
14.751663086912432
14.74949427553254
14.739515327723074
14.73747790379821
14.732612490419054
14.720517840103627
14.717013498783677
14.711191894814492
14.703114094993122
14.696559484905519
14.689677202434163
14.681737208402721
14.673798106341598
14.658721022889393
14.64866609047069
14.642385523504181
14.639934771716073
14.639045951068955
14.620812019876277
14.614366621970515
14.600137079744473
14.590548538458831
14.58563070675001
14.579025567373982
14.573909816263086
14.570221175972927
14.566022900157721
14.556769137723393
14.551618778701036
14.545223603958625
14.53152050001687
14.524215014873246
14.519576278466818
14.511514029475801
14.499677466036083
14.49846962616967
14.483419952193616
14.478743616940829
14.473064531232954
14.465900642149943
14.465010869641631
14.461646635898996
14.454510771328037
14.4427364159119
14.437889369206648
14.433565718949717
14.428921481086071
14.42171134231202
14.416251308180522
14.41151174490203
14.4045123591753
14.393897141302142
14.389359572152522
14.384730369733758
14.372848491476976
14.367118364429764
14.365694618302838
14.349287684668377
14.347562859072372
14.337232248901719
14.331437574967055
14.326289766771662
14.319134170987809
14.309224440705858
14.307645258110849
14.301453707757076
14.299825981303313
14.295026032676347
14.27607870145158
14.272937637899826
14.267541019411144
14.265158297630503
14.260468230281926
14.252542935456402
14.246426446655109
14.23864573615761
14.234900053637318
14.223518952388146
14.216799935311316
14.213318056195927
14.205099940616279
14.203713084805294
14.190940718616435
14.186675695460083
14.177956239143628
14.167253282297942
14.161930855807615
14.156095220774413
14.153767525961245
14.143668405065355
14.137023663520717
14.134691863527587
14.131676568928425
14.117697337320251
14.113114381375144
14.109210607452896
14.103693466181655
14.10054366976828
14.098783761387013
14.088142401659281
14.082439771322194
14.078256238510482
14.077744593053783
14.074423683787126
14.070501982446842
14.06455881075076
14.053725457176828
14.048070375652426
14.037055441400224
14.03391869474785
14.029414555638981
14.027624305300531
14.027124159738358
14.013523103160784
14.005472774994072
14.002223994728322
13.995183317953417
13.991600194501855
13.987279153690643
13.983995670908099
13.979476037026418
13.969931191091176
13.968587438321393
13.961732170848972
13.951525890374207
13.942337489007791
13.927959939730139
13.923754181747073
13.917355274437737
13.91431049159279
13.909257436460129
13.905367467017584
13.900721969063728
13.896032017871645
13.885547781406178
13.874268803851953
13.86916302737429
13.86558863395151
13.864532629894365
13.858169918639987
13.8535929365971
13.84305598301926
13.840572207585668
13.837079695640515
13.828780711495401
13.822997083774402
13.813905742141447
13.805619071228062
13.799021414188521
13.796811288289678
13.787796650745326
13.782895136378283
13.774335451665843
13.7734873742587
13.770075374522875
13.764904535716228
13.755362533170794
13.750061159880236
13.74869646214644
13.74031579516119
13.736615040583555
13.733381849560365
13.725199480106086
13.722335459957492
13.714862145626855
13.70531414446798
13.699108343380605
13.698414580269635
13.693361576369913
13.688347143797733
13.67877720650867
13.664436530790768
13.661008947842289
13.659776377739115
13.65248615419257
13.647524317128324
13.643373783833997
13.633686257672464
13.626112198930333
13.624520837200931
13.619924733691462
13.613880930345722
13.611676844304993
13.608644508307254
13.603270389099587
13.601428475518109
13.599041321095171
13.597437998560514
13.589671920404228
13.58251849819806
13.57804992942628
13.57619659302529
13.565271647465465
13.564519074622215
13.561833331972938
13.554750398572912
13.549641201488388
13.545706774345279
13.537735009530207
13.526681445611354
13.521128676669782
13.51761055585825
13.508641446615114
13.496976397928877
13.494441536420656
13.4894891924868
13.487658963553336
13.484528831866921
13.479605484884756
13.471563041230715
13.46802210073909
13.460334063504012
13.45674677885961
13.450740533964781
13.445666947419927
13.444066652592383
13.437640894238873
13.434479986396687
13.426873837452943
13.422962724337035
13.413165952925713
13.409374946030965
