8.300794219990969e-07 0.00024162204910519784
1.6601588439981937e-06 0.00045157353839560526
2.4902382659972908e-06 0.0006500331155602386
3.3203176879963874e-06 0.0008117380395410548
4.1503971099954845e-06 0.0009725101945469047
4.9804765319945815e-06 0.001131887367558909
5.810555953993678e-06 0.001284673946915785
6.640635375992775e-06 0.0014317092676158505
7.470714797991872e-06 0.001578200279550171
8.300794219990969e-06 0.0017175246010027352
9.130873641990066e-06 0.0018560830805233765
9.960953063989163e-06 0.001994481256497273
1.079103248598826e-05 0.002127969652186215
1.1621111907987355e-05 0.002259613920907192
1.2451191329986453e-05 0.0023905891478782477
1.328127075198555e-05 0.002520180807085471
1.4111350173984647e-05 0.0026496745653053705
1.4941429595983744e-05 0.0027761663506598267
1.577150901798284e-05 0.002899413617160196
1.6601588439981938e-05 0.0030223364894955557
1.7431667861981033e-05 0.0031401780703609436
1.8261747283980132e-05 0.0032570639643948584
1.9091826705979227e-05 0.003370809475841688
1.9921906127978326e-05 0.003484083320098731
2.075198554997742e-05 0.003595979651084698
2.158206497197652e-05 0.0037073944199241564
2.2412144393975616e-05 0.0038181076766991193
2.324222381597471e-05 0.003928108393199863
2.407230323797381e-05 0.0040353652839426124
2.4902382659972905e-05 0.00414259179287528
2.5732462081972004e-05 0.004248703867041666
2.65625415039711e-05 0.004353920264351951
2.7392620925970198e-05 0.004457250956465926
2.8222700347969293e-05 0.004560467684388737
2.9052779769968392e-05 0.004662148835873794
2.9882859191967487e-05 0.004761804208694649
3.0712938613966586e-05 0.004860998050209746
3.154301803596568e-05 0.004960089809960897
3.237309745796478e-05 0.005056642273269853
3.3203176879963876e-05 0.005153020239053866
3.4033256301962974e-05 0.0052493395585689
3.4863335723962066e-05 0.0053441145776595275
3.5693415145961165e-05 0.0054383009950268475
3.6523494567960264e-05 0.005531727566279439
3.7353573989959356e-05 0.0056247211621301306
3.8183653411958455e-05 0.00571679414388994
3.9013732833957553e-05 0.005808837211284201
3.984381225595665e-05 0.005900754432749343
4.0673891677955744e-05 0.005992494398828646
4.150397109995484e-05 0.006084113568902405
4.233405052195394e-05 0.006175389325554495
4.316412994395304e-05 0.006266540565155591
4.399420936595213e-05 0.006357315973278284
4.482428878795123e-05 0.006447768928474977
4.565436820995033e-05 0.006536583687921764
4.648444763194942e-05 0.006625080789200378
4.731452705394852e-05 0.006713291638888419
4.814460647594762e-05 0.006801223686601858
4.897468589794672e-05 0.006888808619763947
4.980476531994581e-05 0.0069758915753270635
5.063484474194491e-05 0.007062372233341951
5.146492416394401e-05 0.007148442047079984
5.22950035859431e-05 0.0072343965041064065
5.31250830079422e-05 0.007320227242954227
5.39551624299413e-05 0.0074056961943539746
5.4785241851940396e-05 0.007490719205517649
5.561532127393949e-05 0.007574998947385944
5.644540069593859e-05 0.007658795259173942
5.7275480117937685e-05 0.007742426706282883
5.8105559539936784e-05 0.007825598564016606
5.8935638961935876e-05 0.007908582518109252
5.9765718383934975e-05 0.007991506856218003
6.0595797805934074e-05 0.008074283928935446
6.142587722793317e-05 0.00815694573673309
6.225595664993226e-05 0.00823919679809648
6.308603607193136e-05 0.008321381255630688
6.391611549393046e-05 0.008403142701975848
6.474619491592955e-05 0.008484735982801217
6.557627433792866e-05 0.008566275059433309
6.640635375992775e-05 0.008647428633393878
6.723643318192684e-05 0.00872849420938753
6.806651260392595e-05 0.00880941230459056
6.889659202592504e-05 0.008890197922547565
6.972667144792413e-05 0.008970795369854973
7.055675086992324e-05 0.009051281898182797
7.138683029192233e-05 0.009131668114521574
7.221690971392142e-05 0.009211940555029816
7.304698913592053e-05 0.009292103672252508
7.387706855791962e-05 0.009371891216262281
7.470714797991871e-05 0.009451491438013073
7.553722740191782e-05 0.00953096795797789
7.636730682391691e-05 0.009610333510499634
7.719738624591601e-05 0.009689409891149525
7.802746566791511e-05 0.00976829990865941
7.88575450899142e-05 0.009847044595105292
7.96876245119133e-05 0.009925668381721127
8.05177039339124e-05 0.010003997787968476
8.134778335591149e-05 0.010081993813379563
8.21778627779106e-05 0.010159858488895024
8.300794219990969e-05 0.010237495087724235
8.383802162190878e-05 0.010314966592567322
8.466810104390788e-05 0.010391977642700025
8.549818046590698e-05 0.010468972111922693
8.632825988790608e-05 0.010545846863855846
8.715833930990517e-05 0.0106224807413752
8.798841873190426e-05 0.010698984741488969
8.881849815390337e-05 0.01077546446694708
8.964857757590246e-05 0.010851436407196938
9.047865699790155e-05 0.010926740679839012
9.130873641990066e-05 0.011001953588938306
9.213881584189975e-05 0.011077157871601259
9.296889526389884e-05 0.011152078428319083
9.379897468589795e-05 0.0112267152265788
9.462905410789704e-05 0.011301087090239081
9.545913352989615e-05 0.011375236072220832
9.628921295189524e-05 0.011448907278387164
9.711929237389433e-05 0.01152225144366529
9.794937179589344e-05 0.011595380348862096
9.877945121789253e-05 0.0116684243289385
9.960953063989162e-05 0.011741409382722922
0.00010043961006189073 0.011814216807534363
0.00010126968948388982 0.011886716345926113
0.00010209976890588891 0.011958949661679758
0.00010292984832788802 0.012031049651097516
0.00010375992774988711 0.012103072155670908
0.0001045900071718862 0.01217499121048896
0.0001054200865938853 0.012246845621004147
0.0001062501660158844 0.012318515471485983
0.0001070802454378835 0.012389906713019304
0.0001079103248598826 0.012461187714142527
0.00010874040428188169 0.012532398428536668
0.00010957048370388079 0.012603519537473983
0.00011040056312587988 0.012674498787803813
0.00011123064254787898 0.012745428226595731
0.00011206072196987808 0.012816182256586312
0.00011289080139187717 0.012886805925604837
0.00011372088081387627 0.012957322015416531
0.00011455096023587537 0.013027637433065812
0.00011538103965787446 0.013097753179877207
0.00011621111907987357 0.01316775091473833
0.00011704119850187266 0.013237723414700467
0.00011787127792387175 0.013307466864958824
0.00011870135734587086 0.013376866758807287
0.00011953143676786995 0.013445767956032504
0.00012036151618986904 0.013514596100109293
0.00012119159561186815 0.013583335541434477
0.00012202167503386724 0.013651939871813174
0.00012285175445586634 0.0137204536852141
0.00012368183387786544 0.013788811197298913
0.00012451191329986453 0.013856984102703883
0.00012534199272186362 0.013925083837977494
0.0001261720721438627 0.013993092379663763
0.00012700215156586183 0.014060981794905341
0.00012783223098786092 0.014128777121247204
0.00012866231040986002 0.014196428158726045
0.0001294923898318591 0.014263925567942976
0.0001303224692538582 0.014331339471965006
0.00013115254867585732 0.014398711781575032
0.0001319826280978564 0.014465854557141397
0.0001328127075198555 0.014532766916496697
0.0001336427869418546 0.01459951387765016
0.0001344728663638537 0.014666246967653822
0.00013530294578585278 0.014732835086952908
0.0001361330252078519 0.014799375979999668
0.000136963104629851 0.014865832087362222
0.00013779318405185008 0.014932187235668415
0.00013862326347384917 0.014998163963989636
0.00013945334289584827 0.015064078063762186
0.00014028342231784738 0.015129845932578996
0.00014111350173984648 0.015195588544304294
0.00014194358116184557 0.015261200855117549
0.00014277366058384466 0.015326733754924998
0.00014360374000584375 0.015392146269318735
0.00014443381942784284 0.015457499641686327
0.00014526389884984196 0.015522689613495727
0.00014609397827184106 0.015587821975516102
0.00014692405769384015 0.015652856254073436
0.00014775413711583924 0.015717831069899563
0.00014858421653783833 0.01578269076662168
0.00014941429595983742 0.015847519907407227
0.00015024437538183654 0.015912313956058664
0.00015107445480383563 0.015976951502544797
0.00015190453422583473 0.01604145893638036
0.00015273461364783382 0.016105946355468987
0.0001535646930698329 0.016170136581849785
0.00015439477249183203 0.016234251159734387
0.00015522485191383112 0.016298194293025432
0.00015605493133583021 0.01636202370916505
0.0001568850107578293 0.016425731173874147
0.0001577150901798284 0.016489354426163186
0.0001585451696018275 0.01655288849341932
0.0001593752490238266 0.0166164152755472
0.0001602053284458257 0.01667991219485283
0.0001610354078678248 0.01674330995239313
0.00016186548728982388 0.016806581976528363
0.00016269556671182298 0.016869740712508446
0.0001635256461338221 0.016932801680124766
0.0001643557255558212 0.016995772777383955
0.00016518580497782028 0.01705864226299839
0.00016601588439981937 0.017121363919909743
0.00016684596382181846 0.017184050565318736
0.00016767604324381756 0.017246731952781785
0.00016850612266581667 0.017309390778049227
0.00016933620208781577 0.01737198630910977
0.00017016628150981486 0.017434557036450693
0.00017099636093181395 0.01749697405368153
0.00017182644035381304 0.017559328080435182
0.00017265651977581216 0.01762153108692496
0.00017348659919781125 0.01768372593895681
0.00017431667861981035 0.017745866675347843
0.00017514675804180944 0.01780793787207495
0.00017597683746380853 0.017869991884121975
0.00017680691688580762 0.017931870508733135
0.00017763699630780674 0.01799368833154617
0.00017846707572980583 0.01805541627189072
0.00017929715515180492 0.018117093652581084
0.00018012723457380402 0.01817868531577128
0.0001809573139958031 0.01824016563833084
0.00018178739341780223 0.01830158561187214
0.00018261747283980132 0.018362841447092364
0.0001834475522618004 0.018423928415878244
0.0001842776316837995 0.018484897474510802
0.0001851077111057986 0.018545725078715613
0.0001859377905277977 0.018606349984888096
0.0001867678699497968 0.018666925863220583
0.0001875979493717959 0.018727363210429837
0.000188428028793795 0.01878772490998011
0.00018925810821579408 0.01884798794748061
0.00019008818763779317 0.01890821929769859
0.0001909182670597923 0.01896842316342316
0.00019174834648179139 0.019028469441031946
0.00019257842590379048 0.019088485783197728
0.00019340850532578957 0.01914841988000029
0.00019423858474778866 0.019208316790092213
0.00019506866416978775 0.019268043555430495
0.00019589874359178687 0.019327703001421837
0.00019672882301378596 0.019387274621196576
0.00019755890243578506 0.019446797393638103
0.00019838898185778415 0.019506237288490772
0.00019921906127978324 0.019565605174402555
0.00020004914070178236 0.01962494965703942
0.00020087922012378145 0.019684249375652663
0.00020170929954578054 0.019743481011623265
0.00020253937896777964 0.01980268273954652
0.00020336945838977873 0.019861830251552456
0.00020419953781177782 0.019920839962294955
0.00020502961723377694 0.01997983680789567
0.00020585969665577603 0.020038755063863108
0.00020668977607777512 0.02009762011990529
0.00020751985549977421 0.020156350291118744
0.0002083499349217733 0.020214975341290593
0.0002091800143437724 0.02027356412175798
0.00021001009376577152 0.020332001681959345
0.0002108401731877706 0.020390369674451726
0.0002116702526097697 0.02044872170538886
0.0002125003320317688 0.02050703044538489
0.00021333041145376789 0.020565296194638906
0.000214160490875767 0.02062355068555131
0.0002149905702977661 0.020681731657264835
0.0002158206497197652 0.020739851916532596
0.00021665072914176428 0.020797848694993723
0.00021748080856376337 0.02085580514427416
0.00021831088798576246 0.020913732896711244
0.00021914096740776158 0.02097161643397499
0.00021997104682976068 0.02102943901652635
0.00022080112625175977 0.02108724771384863
0.00022163120567375886 0.021144959153768086
0.00022246128509575795 0.021202620503298367
0.00022329136451775707 0.0212602322050439
0.00022412144393975616 0.02131781132059851
0.00022495152336175525 0.021375340235601812
0.00022578160278375435 0.021432829134249626
0.00022661168220575344 0.021490135512725536
0.00022744176162775253 0.021547401011150706
0.00022827184104975165 0.021604649331597423
0.00022910192047175074 0.021661811177702613
0.00022993199989374983 0.021718907167036595
0.00023076207931574893 0.021775964267608472
0.00023159215873774802 0.021832972461532332
0.00023242223815974714 0.02188996389383005
0.00023325231758174623 0.021946878235736385
0.00023408239700374532 0.022003776844340114
0.0002349124764257444 0.022060637890267742
0.0002357425558477435 0.022117405615044085
0.0002365726352697426 0.022174146314982466
0.00023740271469174172 0.022230842134001037
0.0002382327941137408 0.022287475707656473
0.0002390628735357399 0.02234405879836682
0.000239892952957739 0.022400588906658744
0.00024072303237973808 0.022457057920699044
0.0002415531118017372 0.02251346588037671
0.0002423831912237363 0.022569757983125088
0.0002432132706457354 0.02262597288689222
0.00024404335006773448 0.022682139597086173
0.0002448734294897336 0.02273828750718151
0.0002457035089117327 0.02279442859977286
0.0002465335883337318 0.022850429924336207
0.0002473636677557309 0.022906381884847914
0.00024819374717772997 0.02296222494112829
0.00024902382659972906 0.023017994672395337
0.00024985390602172815 0.023073726814954797
0.00025068398544372724 0.02312940849206302
0.00025151406486572633 0.02318505109884752
0.0002523441442877254 0.02324066554303322
0.00025317422370972457 0.023296247942250634
0.00025400430313172366 0.023351759741148406
0.00025483438255372276 0.023407232265518545
0.00025566446197572185 0.023462656042249317
0.00025649454139772094 0.02351797543832005
0.00025732462081972003 0.02357323922652236
0.0002581547002417191 0.0236284677201206
0.0002589847796637182 0.02368363489757057
0.0002598148590857173 0.023738712115629227
0.0002606449385077164 0.02379378015807842
0.0002614750179297155 0.0238487339366122
0.00026230509735171464 0.023903652234464477
0.00026313517677371373 0.023958527458889625
0.0002639652561957128 0.02401334837239439
0.0002647953356177119 0.024068162542227562
0.000265625415039711 0.024122951217958193
0.0002664554944617101 0.024177685837864844
0.0002672855738837092 0.02423233132263653
0.0002681156533057083 0.02428694013502652
0.0002689457327277074 0.024341516245399427
0.00026977581214970647 0.024396057239895217
0.00027060589157170556 0.0244505437396893
0.0002714359709937047 0.024504988990310467
0.0002722660504157038 0.02455939844739743
0.0002730961298377029 0.024613755066128142
0.000273926209259702 0.024668031599573453
0.00027475628868170107 0.024722273917864697
0.00027558636810370016 0.02477648134116575
0.00027641644752569926 0.02483059925010287
0.00027724652694769835 0.02488467401648846
0.00027807660636969744 0.024938738066052128
0.00027890668579169653 0.024992678693983236
0.0002797367652136956 0.025046606355056893
0.00028056684463569477 0.02510045638551351
0.00028139692405769386 0.025154262895672318
0.00028222700347969295 0.025208030758508228
0.00028305708290169205 0.025261744923559856
0.00028388716232369114 0.025315384767260522
0.00028471724174569023 0.02536901277210385
0.0002855473211676893 0.02542259437257496
0.0002863774005896884 0.025476163776911743
0.0002872074800116875 0.025529697224554466
0.0002880375594336866 0.02558308885451184
0.0002888676388556857 0.025636456992296514
0.00028969771827768484 0.025689784780569637
0.00029052779769968393 0.0257430947585316
0.000291357877121683 0.02579636968798165
0.0002921879565436821 0.025849585418506245
0.0002930180359656812 0.025902755483695413
0.0002938481153876803 0.02595586748689771
0.0002946781948096794 0.02600895155000815
0.0002955082742316785 0.026061950763407334
0.00029633835365367757 0.026114899916267798
0.00029716843307567666 0.026167823136432584
0.00029799851249767576 0.026220685174064087
0.00029882859191967485 0.026273536890269393
0.000299658671341674 0.026326293597801798
0.0003004887507636731 0.02637901859851912
0.0003013188301856722 0.02643167880716407
0.00030214890960767127 0.026484259539304444
0.00030297898902967036 0.026536800771266914
0.00030380906845166945 0.026589298711352714
0.00030463914787366855 0.026641779388325446
0.00030546922729566764 0.026694185199067366
0.00030629930671766673 0.026746541780534438
0.0003071293861396658 0.026798881091745663
0.0003079594655616649 0.026851198074686763
0.00030878954498366406 0.026903411603591523
0.00030961962440566315 0.02695559123837646
0.00031044970382766224 0.027007742010740233
0.00031127978324966134 0.02705985200592204
0.00031210986267166043 0.027111938728115396
0.0003129399420936595 0.027164012449088306
0.0003137700215156586 0.027216007592208845
0.0003146001009376577 0.027267960650424035
0.0003154301803596568 0.02731988284537362
0.0003162602597816559 0.02737180126637962
0.000317090339203655 0.027423695195390046
0.0003179204186256541 0.027475560208951838
0.0003187504980476532 0.027527381417739295
0.0003195805774696523 0.027579122825763115
0.0003204106568916514 0.02763082260169281
0.0003212407363136505 0.02768244133497962
0.0003220708157356496 0.02773403700120673
0.0003229008951576487 0.02778559955383669
0.00032373097457964777 0.027837148947829522
0.00032456105400164686 0.027888694665969563
0.00032539113342364595 0.027940140472491208
0.00032622121284564505 0.027991527187995906
0.0003270512922676442 0.02804289006642101
0.0003278813716896433 0.02809420130469136
0.0003287114511116424 0.028145486272356853
0.00032954153053364147 0.028196739568131207
0.00033037160995564056 0.028247968803534758
0.00033120168937763965 0.028299164929664396
0.00033203176879963874 0.028350291168723472
0.00033286184822163784 0.028401407572698854
0.00033369192764363693 0.028452473816894343
0.000334522007065636 0.02850346542767004
0.0003353520864876351 0.02855438989495138
0.00033618216590963426 0.028605209388224386
0.00033701224533163335 0.028655998194703304
0.00033784232475363244 0.028706740330121727
0.00033867240417563153 0.02875746026564942
0.0003395024835976306 0.028808143369442762
0.0003403325630196297 0.02885879812835042
0.0003411626424416288 0.02890941904748042
0.0003419927218636279 0.028960005814486406
0.000342822801285627 0.029010516277184362
0.0003436528807076261 0.029060944715751484
0.0003444829601296252 0.029111336045485988
0.0003453130395516243 0.029161701404622705
0.0003461431189736234 0.02921205909239405
0.0003469731983956225 0.0292623705704714
0.0003478032778176216 0.02931264882097162
0.0003486333572396207 0.029362850617930803
0.0003494634366616198 0.029413034401699262
0.0003502935160836189 0.029463192862042034
0.00035112359550561797 0.02951329117393642
0.00035195367492761706 0.02956334758923844
0.00035278375434961615 0.029613338182299834
0.00035361383377161524 0.029663268816744224
0.0003544439131936144 0.0297131517392411
0.0003552739926156135 0.029763018683980322
0.0003561040720376126 0.02981282048532317
0.00035693415145961167 0.029862586884221106
0.00035776423088161076 0.029912291488785766
0.00035859431030360985 0.029961989972974657
0.00035942438972560894 0.030011663837369446
0.00036025446914760803 0.030061300402430356
0.0003610845485696071 0.030110868173978744
0.0003619146279916062 0.030160397745643733
0.0003627447074136053 0.030209917486146647
0.00036357478683560446 0.030259376874459946
0.00036440486625760355 0.030308809624024727
0.00036523494567960264 0.030358219106327147
0.00036606502510160173 0.03040756972968195
0.0003668951045236008 0.03045689975932034
0.0003677251839455999 0.030506176072383887
0.000368555263367599 0.03055538379904584
0.0003693853427895981 0.030604546973029393
0.0003702154222115972 0.030653705167603778
0.0003710455016335963 0.030702827102400247
0.0003718755810555954 0.030751913067427243
0.0003727056604775945 0.030800930421482572
0.0003735357398995936 0.030849845050931714
0.0003743658193215927 0.03089873514399815
0.0003751958987435918 0.030947616415205423
0.0003760259781655909 0.030996445524460542
0.00037685605758759 0.031045239147423406
0.0003776861370095891 0.03109400309632137
0.00037851621643158817 0.031142697819773663
0.00037934629585358726 0.03119133845451617
0.00038017637527558635 0.03123996772867049
0.00038100645469758544 0.03128856419910546
0.0003818365341195846 0.031337117550015114
0.0003826666135415837 0.03138565518063154
0.00038349669296358277 0.031434171187753386
0.00038432677238558186 0.031482648884031905
0.00038515685180758096 0.031531113453219725
0.00038598693122958005 0.03157956101209743
0.00038681701065157914 0.03162799714774581
0.00038764709007357823 0.03167637797129864
0.0003884771694955773 0.03172470787421536
0.0003893072489175764 0.03177300598185504
0.0003901373283395755 0.031821290905490775
0.00039096740776157465 0.03186949814935644
0.00039179748718357375 0.03191770004449675
0.00039262756660557284 0.03196588285380457
0.00039345764602757193 0.032014015347420995
0.000394287725449571 0.032062111562678644
0.0003951178048715701 0.03211017985046894
0.0003959478842935692 0.03215819157770663
0.0003967779637155683 0.03220612493377856
0.0003976080431375674 0.032254018944173374
0.0003984381225595665 0.03230188803431223
0.0003992682019815656 0.03234969362200592
0.0004000982814035647 0.03239741668271334
0.0004009283608255638 0.03244512181940782
0.0004017584402475629 0.03249279194777795
0.000402588519669562 0.03254044914143601
0.0004034185990915611 0.032588084217692846
0.0004042486785135602 0.03263568451613902
0.00040507875793555927 0.032683228031244564
0.00040590883735755836 0.032730746556431364
0.00040673891677955746 0.03277821084649468
0.00040756899620155655 0.03282564984071776
0.00040839907562355564 0.03287304649682835
0.00040922915504555473 0.032920407403876126
0.0004100592344675539 0.032967757037864025
0.00041088931388955297 0.03301506141997953
0.00041171939331155206 0.033062343550093
0.00041254947273355115 0.033109572156271375
0.00041337955215555025 0.03315677325202248
0.00041420963157754934 0.03320390547332217
0.00041503971099954843 0.03325101105611962
