1 30.369708635419332
2 28.30947553410986
3 27.52379881182259
4 24.84471196069139
5 24.772951954581707
6 24.665243280111277
7 24.14987836714513
8 23.69098841554835
9 23.647097026351066
10 23.061407615323184
11 22.997937970810185
12 22.98463052849028
13 22.573250475884883
14 22.4167847666247
15 22.359748979884774
16 22.24133589383727
17 22.232933114852003
18 21.973715891297502
19 21.690071903769166
20 21.661508313891503
21 21.20906991822582
22 21.12289281643187
23 20.83720563808446
24 20.793958058779918
25 20.667134558205372
26 20.62261459622526
27 20.557587950313593
28 20.491327800442885
29 20.23414907599134
30 20.23128308943252
31 20.12587382658892
32 20.04075401226274
33 19.86035526560596
34 19.849400177171525
35 19.70119509284808
36 19.503955748027757
37 19.458739256276274
38 19.448724049113785
39 19.197913163623276
40 19.180557297294623
41 19.17472069716154
42 19.02038415286881
43 18.961228968653316
44 18.884589509233486
45 18.840779391895392
46 18.747287852582325
47 18.74424212314915
48 18.731423703026326
49 18.713353922746805
50 18.70102972478298
51 18.665948562578986
52 18.653212310559923
53 18.614717465895783
54 18.581626400046616
55 18.412591401830227
56 18.37963432733432
57 18.34988498621973
58 18.32086342582256
59 18.284666573292053
60 18.232193609371766
61 18.169033953766267
62 18.125824694650245
63 18.11367388058936
64 18.100633267055162
65 18.06244474995594
66 18.015262089904677
67 17.93634472517116
68 17.884829151113614
69 17.86722677533809
70 17.81806524282163
71 17.797926384681404
72 17.791532187533768
73 17.775727170016875
74 17.763346739889922
75 17.719158753569815
76 17.711983145053498
77 17.666341711453793
78 17.648164447897617
79 17.642301444025666
80 17.600547156697505
81 17.59100209060916
82 17.574993347731787
83 17.560600766894137
84 17.540137247665676
85 17.528063639772313
86 17.517137444113164
87 17.504736483683004
88 17.492812545049013
89 17.451786539463985
90 17.431288170031372
91 17.417738459876567
92 17.405574634435364
93 17.373836711101006
94 17.353351752866004
95 17.337360226166265
96 17.324045746372033
97 17.29158329559695
98 17.254746367511657
99 17.240211241405127
100 17.21494321157247
